301.0 191.0 3
301.0 204.0 3
301.0 269.0 3
301.0 283.0 3
301.0 423.0 3
301.0 484.0 3
301.0 515.0 3
301.0 604.0 3
302.0 243.0 2
302.0 269.0 3
302.0 286.0 2
302.0 313.0 3
302.0 315.0 3
302.0 326.0 2
302.0 328.0 3
302.0 333.0 2
302.0 678.0 2
303.0 258.0 3
303.0 268.0 3
303.0 269.0 3
303.0 294.0 3
303.0 300.0 3
303.0 303.0 3
303.0 305.0 3
303.0 325.0 2
303.0 333.0 3
303.0 340.0 3
303.0 682.0 2
303.0 995.0 3
304.0 64.0 4
304.0 143.0 3
304.0 194.0 3
304.0 245.0 3
304.0 286.0 3
304.0 418.0 3
304.0 480.0 3
304.0 492.0 3
304.0 604.0 3
304.0 606.0 3
304.0 705.0 3
305.0 137.0 3
305.0 272.0 3
305.0 327.0 2
305.0 650.0 3
305.0 651.0 3
305.0 750.0 3
305.0 886.0 3
306.0 121.0 3
306.0 126.0 3
306.0 127.0 3
306.0 151.0 2
306.0 252.0 2
306.0 289.0 2
306.0 405.0 3
306.0 924.0 2
307.0 111.0 2
307.0 118.0 2
307.0 181.0 3
307.0 220.0 2
307.0 252.0 2
307.0 258.0 3
307.0 298.0 3
307.0 301.0 3
307.0 471.0 3
307.0 476.0 2
307.0 546.0 2
307.0 845.0 3
307.0 926.0 2
308.0 245.0 3
308.0 288.0 3
308.0 300.0 3
308.0 873.0 1
308.0 879.0 3
309.0 268.0 3
309.0 270.0 3
309.0 292.0 2
309.0 300.0 3
309.0 302.0 3
309.0 310.0 3
309.0 313.0 3
309.0 332.0 2
309.0 346.0 3
309.0 682.0 2
309.0 690.0 2
309.0 880.0 2
310.0 21.0 2
310.0 94.0 3
310.0 181.0 3
310.0 240.0 2
310.0 300.0 3
310.0 596.0 2
310.0 597.0 2
311.0 64.0 4
311.0 111.0 3
311.0 151.0 3
311.0 251.0 3
311.0 257.0 3
311.0 272.0 3
311.0 750.0 3
311.0 751.0 3
312.0 1.0 3
312.0 9.0 3
312.0 100.0 3
312.0 129.0 3
312.0 268.0 3
312.0 276.0 3
312.0 286.0 3
312.0 300.0 3
312.0 742.0 3
313.0 243.0 2
313.0 286.0 3
313.0 288.0 2
313.0 310.0 3
313.0 313.0 3
313.0 315.0 3
313.0 323.0 2
313.0 333.0 3
313.0 748.0 2
314.0 258.0 3
314.0 272.0 3
314.0 288.0 3
314.0 319.0 2
314.0 362.0 2
314.0 882.0 3
314.0 891.0 2
315.0 243.0 2
315.0 259.0 2
315.0 288.0 3
315.0 294.0 3
315.0 321.0 3
315.0 339.0 3
315.0 342.0 3
315.0 359.0 1
315.0 410.0 3
315.0 597.0 3
315.0 687.0 2
315.0 875.0 3
315.0 988.0 2
316.0 14.0 3
316.0 237.0 3
316.0 245.0 2
316.0 272.0 3
316.0 313.0 3
316.0 321.0 2
316.0 676.0 3
317.0 272.0 3
317.0 315.0 3
317.0 316.0 3
317.0 319.0 2
317.0 345.0 3
318.0 98.0 3
318.0 173.0 3
318.0 245.0 3
318.0 269.0 3
318.0 286.0 3
318.0 288.0 3
318.0 294.0 3
318.0 301.0 3
318.0 313.0 3
318.0 315.0 3
318.0 347.0 3
318.0 752.0 3
319.0 271.0 2
319.0 288.0 2
319.0 289.0 2
319.0 301.0 2
319.0 304.0 2
319.0 308.0 2
319.0 310.0 3
319.0 331.0 2
319.0 338.0 2
319.0 877.0 2
319.0 938.0 2
319.0 989.0 2
320.0 269.0 3
320.0 271.0 2
320.0 288.0 2
320.0 294.0 2
320.0 300.0 2
320.0 305.0 3
320.0 325.0 2
320.0 327.0 2
320.0 333.0 2
320.0 343.0 2
320.0 890.0 2
321.0 100.0 4
321.0 150.0 3
321.0 151.0 3
321.0 168.0 3
321.0 191.0 3
321.0 194.0 3
321.0 198.0 3
321.0 205.0 3
321.0 222.0 3
321.0 276.0 3
321.0 288.0 3
321.0 313.0 3
321.0 682.0 2
321.0 902.0 2
322.0 1.0 3
322.0 24.0 2
322.0 147.0 3
322.0 254.0 1
322.0 405.0 3
322.0 410.0 2
322.0 471.0 3
322.0 473.0 2
322.0 742.0 3
323.0 100.0 3
323.0 264.0 2
323.0 328.0 3
323.0 456.0 2
323.0 687.0 2
323.0 876.0 2
323.0 881.0 2
323.0 948.0 2
324.0 245.0 2
324.0 270.0 3
324.0 289.0 2
324.0 294.0 2
324.0 309.0 1
324.0 322.0 2
324.0 328.0 2
324.0 879.0 2
325.0 237.0 3
325.0 271.0 2
325.0 278.0 2
325.0 288.0 2
325.0 298.0 3
325.0 300.0 3
325.0 313.0 3
325.0 328.0 3
325.0 343.0 2
325.0 682.0 2
325.0 742.0 3
325.0 763.0 2
326.0 13.0 3
326.0 25.0 3
326.0 100.0 3
326.0 111.0 3
326.0 116.0 3
326.0 150.0 3
326.0 235.0 2
326.0 283.0 3
326.0 306.0 3
326.0 476.0 2
326.0 756.0 2
327.0 258.0 3
327.0 300.0 3
327.0 303.0 3
327.0 319.0 2
327.0 333.0 3
327.0 334.0 2
328.0 14.0 3
328.0 50.0 3
328.0 222.0 3
328.0 258.0 3
328.0 748.0 3
328.0 832.0 2
328.0 845.0 3
329.0 245.0 3
329.0 264.0 2
329.0 268.0 3
329.0 322.0 2
329.0 323.0 2
329.0 328.0 3
329.0 354.0 3
329.0 678.0 2
329.0 748.0 2
329.0 879.0 3
330.0 259.0 2
330.0 267.0 4
330.0 268.0 3
330.0 301.0 3
330.0 306.0 3
330.0 333.0 3
330.0 338.0 2
330.0 346.0 3
330.0 682.0 2
330.0 751.0 2
330.0 879.0 2
331.0 1.0 3
331.0 5.0 3
331.0 7.0 3
331.0 8.0 3
331.0 9.0 3
331.0 11.0 3
331.0 12.0 4
331.0 22.0 3
331.0 31.0 3
331.0 38.0 3
331.0 53.0 2
331.0 54.0 3
331.0 56.0 3
331.0 70.0 3
331.0 73.0 3
331.0 77.0 3
331.0 79.0 3
331.0 82.0 3
331.0 95.0 3
331.0 96.0 3
331.0 97.0 3
331.0 98.0 3
331.0 105.0 2
331.0 106.0 3
331.0 117.0 3
331.0 118.0 3
331.0 120.0 2
331.0 121.0 3
331.0 122.0 2
331.0 123.0 3
331.0 125.0 3
331.0 127.0 3
331.0 144.0 3
331.0 156.0 3
331.0 159.0 3
331.0 172.0 3
331.0 174.0 4
331.0 181.0 3
331.0 182.0 3
331.0 204.0 3
331.0 210.0 3
331.0 218.0 3
331.0 222.0 3
331.0 227.0 3
331.0 228.0 3
331.0 229.0 3
331.0 230.0 3
331.0 232.0 3
331.0 233.0 3
331.0 234.0 3
331.0 235.0 2
331.0 237.0 3
331.0 240.0 3
331.0 249.0 3
331.0 255.0 3
331.0 257.0 3
331.0 258.0 3
331.0 264.0 3
331.0 265.0 3
331.0 271.0 3
331.0 273.0 3
331.0 282.0 3
331.0 288.0 3
331.0 291.0 3
331.0 293.0 3
331.0 294.0 3
331.0 295.0 3
331.0 298.0 3
331.0 300.0 3
331.0 307.0 3
331.0 313.0 4
331.0 322.0 3
331.0 323.0 3
331.0 326.0 3
331.0 327.0 3
331.0 328.0 3
331.0 332.0 3
331.0 333.0 3
331.0 342.0 3
331.0 356.0 3
331.0 369.0 2
331.0 370.0 3
331.0 405.0 3
331.0 406.0 2
331.0 409.0 3
331.0 410.0 3
331.0 449.0 3
331.0 450.0 2
331.0 451.0 3
331.0 452.0 3
331.0 456.0 2
331.0 470.0 3
331.0 546.0 3
331.0 566.0 3
331.0 595.0 3
331.0 597.0 3
331.0 628.0 3
331.0 651.0 3
331.0 655.0 3
331.0 660.0 3
331.0 673.0 3
331.0 679.0 3
331.0 684.0 3
331.0 693.0 3
331.0 696.0 3
331.0 728.0 3
331.0 746.0 3
331.0 756.0 3
331.0 763.0 3
331.0 770.0 3
331.0 815.0 3
331.0 824.0 2
331.0 827.0 3
331.0 831.0 2
331.0 833.0 3
331.0 840.0 2
331.0 841.0 2
331.0 845.0 3
331.0 866.0 3
331.0 871.0 3
331.0 879.0 3
331.0 895.0 3
331.0 928.0 3
331.0 931.0 1
331.0 934.0 3
331.0 975.0 3
331.0 978.0 2
331.0 982.0 2
331.0 983.0 2
332.0 88.0 3
332.0 153.0 3
332.0 168.0 3
332.0 180.0 3
332.0 186.0 3
332.0 269.0 3
332.0 294.0 3
332.0 315.0 3
332.0 316.0 3
332.0 435.0 3
332.0 513.0 3
332.0 748.0 2
332.0 873.0 1
333.0 4.0 3
333.0 7.0 3
333.0 8.0 3
333.0 9.0 3
333.0 12.0 4
333.0 13.0 3
333.0 19.0 3
333.0 20.0 3
333.0 22.0 3
333.0 23.0 3
333.0 28.0 3
333.0 42.0 3
333.0 50.0 3
333.0 52.0 3
333.0 56.0 3
333.0 58.0 3
333.0 59.0 3
333.0 61.0 3
333.0 68.0 3
333.0 69.0 3
333.0 70.0 3
333.0 72.0 3
333.0 73.0 3
333.0 74.0 1
333.0 77.0 3
333.0 79.0 3
333.0 81.0 3
333.0 86.0 3
333.0 89.0 3
333.0 91.0 3
333.0 93.0 3
333.0 95.0 3
333.0 98.0 3
333.0 100.0 3
333.0 111.0 3
333.0 115.0 3
333.0 116.0 3
333.0 117.0 3
333.0 124.0 3
333.0 125.0 3
333.0 127.0 3
333.0 131.0 3
333.0 132.0 3
333.0 134.0 3
333.0 135.0 3
333.0 143.0 3
333.0 150.0 3
333.0 153.0 3
333.0 154.0 3
333.0 155.0 3
333.0 160.0 3
333.0 163.0 3
333.0 164.0 3
333.0 168.0 3
333.0 169.0 3
333.0 170.0 3
333.0 171.0 3
333.0 172.0 3
333.0 173.0 3
333.0 174.0 4
333.0 175.0 3
333.0 176.0 3
333.0 181.0 3
333.0 182.0 3
333.0 183.0 3
333.0 185.0 3
333.0 186.0 3
333.0 191.0 3
333.0 196.0 3
333.0 197.0 3
333.0 200.0 3
333.0 203.0 3
333.0 204.0 3
333.0 207.0 3
333.0 210.0 3
333.0 213.0 3
333.0 216.0 3
333.0 217.0 2
333.0 220.0 2
333.0 221.0 3
333.0 222.0 3
333.0 223.0 3
333.0 224.0 4
333.0 225.0 3
333.0 227.0 3
333.0 228.0 3
333.0 229.0 3
333.0 230.0 3
333.0 231.0 2
333.0 235.0 2
333.0 237.0 3
333.0 238.0 3
333.0 239.0 3
333.0 244.0 2
333.0 245.0 3
333.0 248.0 3
333.0 250.0 3
333.0 255.0 3
333.0 257.0 3
333.0 258.0 3
333.0 265.0 3
333.0 268.0 3
333.0 269.0 3
333.0 271.0 2
333.0 272.0 3
333.0 275.0 3
333.0 276.0 3
333.0 277.0 3
333.0 282.0 3
333.0 283.0 3
333.0 285.0 4
333.0 286.0 3
333.0 287.0 3
333.0 288.0 3
333.0 289.0 2
333.0 293.0 3
333.0 297.0 3
333.0 300.0 3
333.0 301.0 3
333.0 303.0 3
333.0 305.0 3
333.0 306.0 3
333.0 310.0 3
333.0 311.0 3
333.0 312.0 3
333.0 313.0 3
333.0 315.0 3
333.0 316.0 3
333.0 317.0 3
333.0 318.0 4
333.0 319.0 3
333.0 322.0 3
333.0 324.0 3
333.0 326.0 3
333.0 328.0 3
333.0 333.0 3
333.0 337.0 3
333.0 338.0 2
333.0 340.0 3
333.0 345.0 3
333.0 346.0 3
333.0 347.0 3
333.0 371.0 3
333.0 396.0 3
333.0 405.0 3
333.0 408.0 4
333.0 421.0 3
333.0 423.0 3
333.0 425.0 3
333.0 428.0 3
333.0 429.0 3
333.0 430.0 3
333.0 433.0 3
333.0 436.0 3
333.0 443.0 3
333.0 449.0 3
333.0 450.0 2
333.0 461.0 3
333.0 462.0 3
333.0 474.0 3
333.0 475.0 3
333.0 476.0 2
333.0 481.0 3
333.0 483.0 4
333.0 484.0 3
333.0 485.0 3
333.0 488.0 3
333.0 494.0 3
333.0 498.0 3
333.0 500.0 3
333.0 502.0 3
333.0 505.0 3
333.0 506.0 3
333.0 508.0 3
333.0 510.0 3
333.0 512.0 3
333.0 514.0 3
333.0 515.0 3
333.0 521.0 3
333.0 525.0 3
333.0 529.0 3
333.0 537.0 3
333.0 553.0 3
333.0 558.0 3
333.0 566.0 3
333.0 577.0 2
333.0 582.0 3
333.0 591.0 3
333.0 603.0 3
333.0 606.0 3
333.0 607.0 3
333.0 620.0 3
333.0 628.0 3
333.0 629.0 3
333.0 631.0 3
333.0 634.0 3
333.0 635.0 2
333.0 640.0 3
333.0 642.0 3
333.0 652.0 3
333.0 655.0 3
333.0 657.0 3
333.0 658.0 3
333.0 663.0 3
333.0 675.0 3
333.0 678.0 2
333.0 684.0 3
333.0 689.0 3
333.0 693.0 3
333.0 707.0 3
333.0 708.0 3
333.0 709.0 3
333.0 710.0 2
333.0 712.0 3
333.0 716.0 3
333.0 736.0 3
333.0 740.0 2
333.0 742.0 3
333.0 744.0 3
333.0 746.0 3
333.0 753.0 3
333.0 762.0 3
333.0 792.0 3
333.0 815.0 2
333.0 840.0 2
333.0 845.0 3
333.0 846.0 3
333.0 855.0 3
333.0 856.0 3
333.0 865.0 4
333.0 870.0 2
333.0 877.0 2
333.0 879.0 3
333.0 886.0 3
333.0 887.0 3
333.0 888.0 2
333.0 896.0 2
333.0 899.0 3
333.0 902.0 2
333.0 905.0 3
333.0 906.0 3
333.0 922.0 3
333.0 931.0 2
333.0 936.0 4
333.0 937.0 3
333.0 945.0 3
333.0 950.0 2
333.0 955.0 3
333.0 961.0 3
333.0 969.0 2
334.0 245.0 2
334.0 258.0 3
334.0 269.0 3
334.0 288.0 2
334.0 307.0 2
334.0 313.0 4
334.0 324.0 2
334.0 342.0 2
334.0 347.0 3
334.0 748.0 2
334.0 902.0 2
335.0 3.0 2
335.0 4.0 3
335.0 13.0 3
335.0 15.0 3
335.0 26.0 3
335.0 33.0 3
335.0 41.0 2
335.0 42.0 3
335.0 49.0 2
335.0 56.0 3
335.0 66.0 3
335.0 67.0 2
335.0 88.0 3
335.0 94.0 3
335.0 100.0 3
335.0 105.0 2
335.0 111.0 3
335.0 117.0 3
335.0 121.0 3
335.0 122.0 2
335.0 124.0 3
335.0 125.0 3
335.0 151.0 3
335.0 153.0 3
335.0 154.0 3
335.0 158.0 2
335.0 168.0 3
335.0 186.0 3
335.0 202.0 3
335.0 208.0 3
335.0 216.0 3
335.0 232.0 2
335.0 237.0 3
335.0 239.0 3
335.0 275.0 3
335.0 276.0 3
335.0 282.0 3
335.0 284.0 2
335.0 290.0 2
335.0 367.0 2
335.0 383.0 1
335.0 388.0 2
335.0 395.0 2
335.0 401.0 2
335.0 405.0 3
335.0 410.0 2
335.0 451.0 3
335.0 475.0 2
335.0 546.0 2
335.0 571.0 1
335.0 577.0 2
335.0 619.0 2
335.0 628.0 3
335.0 655.0 3
335.0 692.0 3
335.0 710.0 2
335.0 722.0 2
335.0 732.0 3
335.0 738.0 2
335.0 742.0 3
335.0 762.0 2
335.0 763.0 2
335.0 765.0 2
335.0 780.0 2
335.0 781.0 3
335.0 785.0 2
335.0 790.0 2
335.0 796.0 2
335.0 824.0 2
335.0 859.0 2
335.0 864.0 2
335.0 959.0 3
335.0 998.0 2
335.0 999.0 3
336.0 15.0 3
336.0 50.0 4
336.0 106.0 2
336.0 121.0 3
336.0 127.0 3
336.0 181.0 3
336.0 228.0 3
336.0 230.0 3
336.0 235.0 2
336.0 257.0 3
336.0 371.0 2
336.0 380.0 3
336.0 392.0 3
336.0 515.0 3
336.0 520.0 3
336.0 631.0 3
336.0 742.0 3
336.0 831.0 2
337.0 1.0 3
337.0 56.0 3
337.0 79.0 3
337.0 83.0 3
337.0 132.0 3
337.0 133.0 3
337.0 134.0 3
337.0 135.0 3
337.0 168.0 3
337.0 170.0 3
337.0 174.0 3
337.0 175.0 3
337.0 180.0 3
337.0 189.0 3
337.0 194.0 3
337.0 204.0 3
337.0 208.0 3
337.0 211.0 3
337.0 212.0 3
337.0 213.0 3
337.0 215.0 3
337.0 216.0 3
337.0 269.0 3
337.0 294.0 3
337.0 301.0 3
337.0 306.0 3
337.0 310.0 3
337.0 435.0 3
337.0 443.0 3
337.0 462.0 3
337.0 474.0 4
337.0 480.0 3
337.0 483.0 4
337.0 484.0 3
337.0 486.0 3
337.0 488.0 3
337.0 490.0 4
337.0 494.0 3
337.0 498.0 3
337.0 511.0 3
337.0 513.0 3
337.0 514.0 3
337.0 516.0 3
337.0 523.0 3
337.0 525.0 3
337.0 582.0 3
337.0 604.0 3
337.0 607.0 3
337.0 613.0 3
337.0 650.0 3
337.0 654.0 3
337.0 708.0 3
337.0 792.0 3
337.0 945.0 3
338.0 1.0 3
338.0 4.0 3
338.0 5.0 3
338.0 7.0 3
338.0 11.0 3
338.0 12.0 4
338.0 22.0 3
338.0 23.0 3
338.0 25.0 3
338.0 28.0 3
338.0 29.0 3
338.0 30.0 3
338.0 32.0 3
338.0 42.0 3
338.0 47.0 3
338.0 50.0 3
338.0 55.0 3
338.0 56.0 3
338.0 58.0 3
338.0 64.0 4
338.0 65.0 3
338.0 67.0 3
338.0 69.0 3
338.0 73.0 3
338.0 74.0 1
338.0 76.0 3
338.0 79.0 3
338.0 80.0 3
338.0 81.0 3
338.0 82.0 3
338.0 86.0 3
338.0 88.0 3
338.0 89.0 3
338.0 91.0 3
338.0 97.0 3
338.0 98.0 3
338.0 100.0 3
338.0 101.0 3
338.0 117.0 3
338.0 121.0 3
338.0 124.0 3
338.0 126.0 3
338.0 127.0 3
338.0 130.0 2
338.0 131.0 3
338.0 132.0 3
338.0 133.0 3
338.0 134.0 3
338.0 135.0 3
338.0 136.0 3
338.0 139.0 3
338.0 144.0 3
338.0 145.0 2
338.0 150.0 3
338.0 151.0 3
338.0 153.0 3
338.0 154.0 3
338.0 156.0 3
338.0 157.0 3
338.0 159.0 3
338.0 160.0 3
338.0 161.0 3
338.0 163.0 3
338.0 167.0 3
338.0 168.0 3
338.0 170.0 3
338.0 174.0 4
338.0 175.0 3
338.0 179.0 3
338.0 180.0 3
338.0 181.0 3
338.0 183.0 3
338.0 186.0 3
338.0 188.0 3
338.0 190.0 3
338.0 191.0 3
338.0 192.0 3
338.0 194.0 3
338.0 195.0 3
338.0 196.0 3
338.0 197.0 3
338.0 198.0 3
338.0 199.0 3
338.0 203.0 3
338.0 204.0 3
338.0 205.0 3
338.0 208.0 3
338.0 209.0 3
338.0 214.0 3
338.0 222.0 3
338.0 226.0 3
338.0 227.0 3
338.0 228.0 3
338.0 231.0 2
338.0 233.0 3
338.0 235.0 3
338.0 238.0 3
338.0 240.0 3
338.0 248.0 3
338.0 257.0 3
338.0 258.0 3
338.0 265.0 3
338.0 269.0 3
338.0 270.0 3
338.0 276.0 3
338.0 286.0 3
338.0 288.0 3
338.0 298.0 3
338.0 302.0 3
338.0 317.0 3
338.0 327.0 3
338.0 347.0 3
338.0 357.0 3
338.0 380.0 3
338.0 383.0 2
338.0 402.0 3
338.0 403.0 3
338.0 404.0 3
338.0 410.0 3
338.0 411.0 3
338.0 415.0 2
338.0 427.0 3
338.0 428.0 3
338.0 431.0 3
338.0 433.0 3
338.0 435.0 3
338.0 436.0 3
338.0 447.0 3
338.0 449.0 3
338.0 451.0 3
338.0 461.0 3
338.0 469.0 3
338.0 474.0 3
338.0 475.0 3
338.0 478.0 3
338.0 479.0 3
338.0 483.0 4
338.0 484.0 4
338.0 485.0 3
338.0 496.0 3
338.0 498.0 3
338.0 503.0 3
338.0 508.0 3
338.0 509.0 3
338.0 514.0 3
338.0 515.0 3
338.0 516.0 3
338.0 521.0 3
338.0 522.0 3
338.0 523.0 3
338.0 525.0 3
338.0 527.0 3
338.0 528.0 3
338.0 530.0 3
338.0 546.0 3
338.0 549.0 3
338.0 550.0 3
338.0 566.0 3
338.0 568.0 3
338.0 573.0 3
338.0 582.0 3
338.0 603.0 3
338.0 607.0 3
338.0 614.0 3
338.0 631.0 3
338.0 632.0 3
338.0 636.0 3
338.0 637.0 3
338.0 640.0 3
338.0 642.0 3
338.0 649.0 3
338.0 650.0 3
338.0 655.0 3
338.0 657.0 3
338.0 661.0 3
338.0 663.0 3
338.0 673.0 3
338.0 675.0 3
338.0 678.0 3
338.0 693.0 3
338.0 702.0 3
338.0 709.0 3
338.0 719.0 2
338.0 735.0 3
338.0 737.0 2
338.0 739.0 3
338.0 770.0 3
338.0 772.0 2
338.0 806.0 3
338.0 823.0 3
338.0 845.0 3
338.0 856.0 3
338.0 939.0 3
338.0 942.0 3
338.0 961.0 3
339.0 1.0 3
339.0 15.0 3
339.0 50.0 3
339.0 66.0 3
339.0 71.0 3
339.0 143.0 3
339.0 172.0 3
339.0 174.0 3
339.0 179.0 3
339.0 181.0 3
339.0 205.0 3
339.0 215.0 3
339.0 265.0 3
339.0 274.0 3
339.0 402.0 3
339.0 405.0 3
339.0 423.0 3
339.0 435.0 3
339.0 486.0 3
339.0 502.0 3
339.0 504.0 3
339.0 520.0 3
339.0 526.0 3
339.0 584.0 3
339.0 662.0 3
339.0 946.0 3
340.0 3.0 2
340.0 4.0 3
340.0 7.0 3
340.0 8.0 3
340.0 11.0 3
340.0 13.0 3
340.0 15.0 3
340.0 23.0 3
340.0 25.0 3
340.0 26.0 3
340.0 28.0 3
340.0 47.0 2
340.0 56.0 3
340.0 58.0 3
340.0 68.0 2
340.0 92.0 3
340.0 93.0 2
340.0 95.0 3
340.0 98.0 3
340.0 100.0 3
340.0 108.0 2
340.0 111.0 2
340.0 122.0 2
340.0 123.0 2
340.0 124.0 3
340.0 129.0 3
340.0 131.0 3
340.0 132.0 3
340.0 133.0 3
340.0 134.0 3
340.0 135.0 3
340.0 143.0 3
340.0 144.0 3
340.0 156.0 3
340.0 160.0 3
340.0 174.0 3
340.0 175.0 3
340.0 179.0 3
340.0 188.0 3
340.0 189.0 3
340.0 191.0 3
340.0 192.0 3
340.0 193.0 3
340.0 194.0 3
340.0 196.0 3
340.0 197.0 3
340.0 204.0 3
340.0 208.0 3
340.0 209.0 3
340.0 212.0 2
340.0 216.0 3
340.0 223.0 3
340.0 237.0 3
340.0 238.0 3
340.0 240.0 2
340.0 248.0 3
340.0 251.0 2
340.0 255.0 2
340.0 257.0 3
340.0 262.0 2
340.0 274.0 3
340.0 276.0 3
340.0 282.0 3
340.0 286.0 3
340.0 287.0 3
340.0 288.0 2
340.0 289.0 2
340.0 294.0 2
340.0 297.0 2
340.0 298.0 3
340.0 301.0 2
340.0 319.0 2
340.0 320.0 2
340.0 326.0 2
340.0 327.0 2
340.0 367.0 3
340.0 378.0 3
340.0 381.0 3
340.0 382.0 3
340.0 408.0 3
340.0 412.0 2
340.0 421.0 3
340.0 423.0 3
340.0 427.0 3
340.0 433.0 3
340.0 461.0 3
340.0 483.0 3
340.0 487.0 3
340.0 496.0 3
340.0 499.0 3
340.0 508.0 3
340.0 517.0 3
340.0 518.0 3
340.0 523.0 3
340.0 531.0 3
340.0 535.0 2
340.0 544.0 2
340.0 547.0 2
340.0 558.0 2
340.0 574.0 3
340.0 581.0 3
340.0 584.0 2
340.0 591.0 3
340.0 606.0 3
340.0 607.0 3
340.0 654.0 3
340.0 655.0 3
340.0 656.0 3
340.0 657.0 3
340.0 663.0 3
340.0 692.0 3
340.0 699.0 3
340.0 723.0 2
340.0 724.0 3
340.0 727.0 2
340.0 732.0 3
340.0 746.0 3
340.0 756.0 2
340.0 762.0 2
340.0 764.0 2
340.0 772.0 2
340.0 789.0 3
340.0 792.0 3
340.0 813.0 3
340.0 818.0 2
340.0 844.0 2
340.0 846.0 2
340.0 866.0 2
340.0 873.0 1
340.0 875.0 2
340.0 928.0 2
340.0 950.0 2
340.0 965.0 3
340.0 975.0 2
341.0 1.0 3
341.0 4.0 3
341.0 7.0 3
341.0 8.0 3
341.0 9.0 3
341.0 10.0 3
341.0 11.0 3
341.0 12.0 4
341.0 20.0 3
341.0 23.0 3
341.0 25.0 3
341.0 26.0 3
341.0 28.0 3
341.0 38.0 3
341.0 42.0 3
341.0 44.0 3
341.0 47.0 3
341.0 48.0 3
341.0 50.0 3
341.0 52.0 3
341.0 53.0 3
341.0 55.0 3
341.0 56.0 3
341.0 57.0 3
341.0 58.0 3
341.0 62.0 3
341.0 63.0 3
341.0 65.0 3
341.0 66.0 3
341.0 67.0 2
341.0 68.0 3
341.0 69.0 3
341.0 76.0 3
341.0 77.0 3
341.0 79.0 3
341.0 81.0 3
341.0 82.0 3
341.0 83.0 3
341.0 86.0 3
341.0 87.0 3
341.0 90.0 2
341.0 97.0 3
341.0 98.0 3
341.0 100.0 3
341.0 117.0 3
341.0 118.0 3
341.0 121.0 3
341.0 124.0 3
341.0 127.0 3
341.0 132.0 3
341.0 134.0 3
341.0 135.0 3
341.0 137.0 3
341.0 143.0 3
341.0 144.0 3
341.0 147.0 3
341.0 152.0 3
341.0 153.0 3
341.0 155.0 3
341.0 156.0 3
341.0 159.0 3
341.0 163.0 3
341.0 164.0 3
341.0 168.0 3
341.0 169.0 3
341.0 174.0 3
341.0 176.0 3
341.0 177.0 3
341.0 179.0 3
341.0 180.0 3
341.0 186.0 3
341.0 187.0 3
341.0 188.0 3
341.0 189.0 3
341.0 193.0 3
341.0 194.0 3
341.0 196.0 3
341.0 197.0 3
341.0 199.0 3
341.0 200.0 3
341.0 208.0 3
341.0 211.0 3
341.0 214.0 3
341.0 223.0 3
341.0 228.0 3
341.0 229.0 3
341.0 231.0 2
341.0 234.0 3
341.0 235.0 2
341.0 236.0 3
341.0 237.0 3
341.0 241.0 3
341.0 250.0 3
341.0 257.0 3
341.0 265.0 3
341.0 269.0 3
341.0 275.0 3
341.0 276.0 3
341.0 277.0 3
341.0 283.0 3
341.0 288.0 3
341.0 297.0 3
341.0 302.0 3
341.0 303.0 3
341.0 306.0 3
341.0 318.0 3
341.0 324.0 3
341.0 333.0 3
341.0 334.0 3
341.0 357.0 3
341.0 358.0 3
341.0 371.0 3
341.0 375.0 2
341.0 382.0 3
341.0 385.0 3
341.0 405.0 3
341.0 408.0 4
341.0 410.0 3
341.0 423.0 3
341.0 427.0 3
341.0 429.0 3
341.0 435.0 3
341.0 449.0 3
341.0 461.0 3
341.0 462.0 3
341.0 463.0 3
341.0 471.0 3
341.0 473.0 3
341.0 474.0 3
341.0 475.0 3
341.0 476.0 2
341.0 483.0 4
341.0 498.0 3
341.0 499.0 3
341.0 508.0 3
341.0 510.0 3
341.0 515.0 3
341.0 521.0 3
341.0 523.0 3
341.0 527.0 3
341.0 528.0 3
341.0 530.0 3
341.0 536.0 3
341.0 546.0 3
341.0 555.0 3
341.0 559.0 3
341.0 561.0 2
341.0 568.0 3
341.0 569.0 2
341.0 581.0 3
341.0 582.0 3
341.0 606.0 3
341.0 614.0 3
341.0 631.0 3
341.0 642.0 3
341.0 654.0 3
341.0 655.0 3
341.0 657.0 3
341.0 660.0 3
341.0 684.0 3
341.0 702.0 3
341.0 703.0 3
341.0 708.0 3
341.0 712.0 3
341.0 724.0 3
341.0 727.0 3
341.0 729.0 3
341.0 739.0 3
341.0 744.0 3
341.0 747.0 3
341.0 778.0 3
341.0 786.0 2
341.0 792.0 3
341.0 823.0 3
341.0 919.0 3
341.0 921.0 3
341.0 930.0 2
341.0 931.0 2
341.0 943.0 3
341.0 950.0 2
341.0 951.0 3
341.0 961.0 3
341.0 980.0 3
342.0 1.0 3
342.0 4.0 3
342.0 5.0 2
342.0 8.0 3
342.0 9.0 3
342.0 11.0 3
342.0 12.0 3
342.0 13.0 2
342.0 14.0 3
342.0 22.0 3
342.0 25.0 2
342.0 26.0 2
342.0 39.0 2
342.0 45.0 3
342.0 58.0 3
342.0 70.0 2
342.0 71.0 3
342.0 73.0 2
342.0 79.0 3
342.0 86.0 3
342.0 87.0 3
342.0 88.0 3
342.0 89.0 3
342.0 95.0 3
342.0 96.0 3
342.0 97.0 3
342.0 98.0 3
342.0 111.0 3
342.0 118.0 2
342.0 119.0 4
342.0 121.0 2
342.0 122.0 2
342.0 124.0 3
342.0 125.0 2
342.0 127.0 3
342.0 129.0 2
342.0 132.0 3
342.0 137.0 3
342.0 151.0 3
342.0 169.0 3
342.0 172.0 3
342.0 174.0 3
342.0 176.0 3
342.0 181.0 3
342.0 183.0 3
342.0 190.0 3
342.0 191.0 3
342.0 195.0 3
342.0 196.0 3
342.0 198.0 3
342.0 202.0 2
342.0 203.0 3
342.0 204.0 3
342.0 208.0 3
342.0 210.0 3
342.0 216.0 3
342.0 222.0 3
342.0 228.0 3
342.0 235.0 2
342.0 237.0 2
342.0 244.0 2
342.0 245.0 2
342.0 246.0 3
342.0 248.0 2
342.0 251.0 3
342.0 255.0 2
342.0 268.0 3
342.0 269.0 3
342.0 272.0 3
342.0 273.0 3
342.0 275.0 3
342.0 276.0 3
342.0 278.0 2
342.0 280.0 2
342.0 281.0 2
342.0 283.0 3
342.0 284.0 2
342.0 285.0 3
342.0 286.0 3
342.0 288.0 2
342.0 291.0 2
342.0 295.0 3
342.0 297.0 2
342.0 298.0 2
342.0 301.0 2
342.0 303.0 3
342.0 304.0 2
342.0 311.0 2
342.0 313.0 3
342.0 315.0 3
342.0 316.0 3
342.0 322.0 2
342.0 357.0 3
342.0 367.0 2
342.0 385.0 3
342.0 405.0 2
342.0 421.0 3
342.0 433.0 3
342.0 451.0 3
342.0 459.0 2
342.0 462.0 3
342.0 471.0 2
342.0 472.0 2
342.0 476.0 2
342.0 477.0 2
342.0 478.0 3
342.0 479.0 3
342.0 486.0 3
342.0 487.0 3
342.0 494.0 3
342.0 508.0 2
342.0 509.0 3
342.0 511.0 3
342.0 516.0 3
342.0 535.0 3
342.0 537.0 3
342.0 559.0 2
342.0 562.0 3
342.0 568.0 3
342.0 597.0 2
342.0 619.0 2
342.0 647.0 3
342.0 660.0 3
342.0 663.0 3
342.0 678.0 2
342.0 684.0 3
342.0 694.0 3
342.0 696.0 2
342.0 707.0 3
342.0 708.0 3
342.0 709.0 3
342.0 713.0 3
342.0 716.0 2
342.0 742.0 2
342.0 751.0 2
342.0 764.0 2
342.0 815.0 2
342.0 844.0 2
342.0 845.0 2
342.0 864.0 2
342.0 926.0 2
342.0 928.0 2
342.0 955.0 3
342.0 972.0 3
343.0 1.0 3
343.0 4.0 3
343.0 5.0 3
343.0 9.0 3
343.0 11.0 3
343.0 15.0 3
343.0 25.0 3
343.0 26.0 3
343.0 28.0 3
343.0 33.0 3
343.0 43.0 2
343.0 44.0 3
343.0 48.0 3
343.0 49.0 3
343.0 50.0 3
343.0 51.0 2
343.0 56.0 3
343.0 64.0 4
343.0 65.0 3
343.0 66.0 3
343.0 69.0 3
343.0 71.0 3
343.0 77.0 3
343.0 79.0 3
343.0 81.0 3
343.0 87.0 3
343.0 88.0 3
343.0 93.0 3
343.0 98.0 3
343.0 100.0 3
343.0 111.0 3
343.0 117.0 3
343.0 118.0 2
343.0 124.0 3
343.0 125.0 3
343.0 126.0 3
343.0 131.0 3
343.0 132.0 3
343.0 137.0 3
343.0 143.0 3
343.0 148.0 3
343.0 151.0 3
343.0 170.0 3
343.0 172.0 3
343.0 173.0 3
343.0 174.0 3
343.0 191.0 3
343.0 196.0 3
343.0 197.0 3
343.0 202.0 3
343.0 204.0 3
343.0 216.0 3
343.0 220.0 2
343.0 221.0 3
343.0 223.0 3
343.0 226.0 3
343.0 235.0 2
343.0 237.0 3
343.0 239.0 3
343.0 241.0 3
343.0 245.0 3
343.0 246.0 3
343.0 251.0 3
343.0 255.0 3
343.0 262.0 3
343.0 268.0 3
343.0 269.0 3
343.0 272.0 3
343.0 278.0 2
343.0 280.0 3
343.0 282.0 3
343.0 283.0 3
343.0 284.0 3
343.0 285.0 3
343.0 287.0 3
343.0 288.0 3
343.0 289.0 2
343.0 291.0 3
343.0 293.0 3
343.0 294.0 3
343.0 295.0 3
343.0 297.0 3
343.0 298.0 3
343.0 300.0 3
343.0 301.0 3
343.0 302.0 3
343.0 303.0 3
343.0 305.0 3
343.0 311.0 3
343.0 312.0 3
343.0 313.0 3
343.0 315.0 3
343.0 317.0 3
343.0 323.0 2
343.0 332.0 3
343.0 333.0 3
343.0 356.0 3
343.0 365.0 2
343.0 367.0 2
343.0 378.0 3
343.0 381.0 3
343.0 382.0 3
343.0 387.0 3
343.0 402.0 3
343.0 403.0 3
343.0 405.0 3
343.0 416.0 2
343.0 433.0 3
343.0 443.0 3
343.0 451.0 3
343.0 461.0 3
343.0 464.0 4
343.0 471.0 3
343.0 473.0 2
343.0 476.0 2
343.0 479.0 3
343.0 481.0 3
343.0 485.0 3
343.0 498.0 3
343.0 508.0 3
343.0 518.0 3
343.0 534.0 3
343.0 535.0 3
343.0 550.0 3
343.0 559.0 2
343.0 566.0 3
343.0 568.0 3
343.0 582.0 3
343.0 588.0 3
343.0 620.0 3
343.0 639.0 3
343.0 651.0 3
343.0 655.0 3
343.0 660.0 3
343.0 676.0 3
343.0 696.0 3
343.0 702.0 2
343.0 708.0 3
343.0 709.0 3
343.0 715.0 2
343.0 716.0 3
343.0 722.0 3
343.0 732.0 3
343.0 736.0 3
343.0 737.0 2
343.0 738.0 2
343.0 739.0 3
343.0 742.0 3
343.0 744.0 3
343.0 747.0 3
343.0 748.0 2
343.0 772.0 2
343.0 781.0 3
343.0 845.0 3
343.0 846.0 3
343.0 866.0 3
343.0 879.0 3
343.0 886.0 3
343.0 903.0 2
343.0 919.0 3
343.0 949.0 3
343.0 955.0 3
343.0 956.0 3
343.0 972.0 3
343.0 988.0 2
344.0 2.0 2
344.0 3.0 2
344.0 4.0 3
344.0 7.0 3
344.0 11.0 3
344.0 12.0 3
344.0 17.0 2
344.0 22.0 3
344.0 29.0 2
344.0 31.0 3
344.0 33.0 3
344.0 38.0 2
344.0 53.0 2
344.0 54.0 2
344.0 55.0 3
344.0 56.0 3
344.0 62.0 2
344.0 64.0 3
344.0 67.0 2
344.0 72.0 2
344.0 76.0 3
344.0 77.0 3
344.0 83.0 3
344.0 91.0 2
344.0 92.0 3
344.0 94.0 2
344.0 97.0 3
344.0 98.0 3
344.0 100.0 3
344.0 117.0 3
344.0 120.0 2
344.0 121.0 3
344.0 127.0 3
344.0 128.0 2
344.0 132.0 3
344.0 133.0 3
344.0 134.0 3
344.0 141.0 3
344.0 143.0 3
344.0 144.0 3
344.0 147.0 3
344.0 153.0 3
344.0 156.0 3
344.0 157.0 3
344.0 158.0 2
344.0 161.0 3
344.0 167.0 2
344.0 168.0 3
344.0 172.0 3
344.0 173.0 3
344.0 174.0 3
344.0 176.0 3
344.0 181.0 3
344.0 183.0 3
344.0 184.0 2
344.0 186.0 3
344.0 187.0 3
344.0 188.0 3
344.0 203.0 3
344.0 204.0 3
344.0 210.0 3
344.0 211.0 3
344.0 213.0 3
344.0 215.0 3
344.0 216.0 3
344.0 218.0 3
344.0 219.0 2
344.0 232.0 2
344.0 234.0 3
344.0 237.0 3
344.0 241.0 2
344.0 245.0 2
344.0 250.0 2
344.0 259.0 2
344.0 265.0 3
344.0 273.0 3
344.0 276.0 3
344.0 288.0 3
344.0 291.0 2
344.0 293.0 3
344.0 294.0 2
344.0 300.0 3
344.0 302.0 3
344.0 318.0 3
344.0 322.0 2
344.0 325.0 2
344.0 333.0 2
344.0 358.0 2
344.0 363.0 2
344.0 366.0 3
344.0 369.0 2
344.0 375.0 2
344.0 385.0 3
344.0 391.0 2
344.0 392.0 3
344.0 403.0 3
344.0 405.0 2
344.0 415.0 2
344.0 423.0 3
344.0 431.0 3
344.0 455.0 2
344.0 470.0 2
344.0 496.0 3
344.0 518.0 3
344.0 520.0 3
344.0 541.0 2
344.0 546.0 2
344.0 549.0 3
344.0 561.0 2
344.0 569.0 2
344.0 571.0 2
344.0 572.0 2
344.0 576.0 2
344.0 578.0 2
344.0 582.0 3
344.0 616.0 3
344.0 636.0 2
344.0 642.0 3
344.0 657.0 3
344.0 669.0 2
344.0 673.0 3
344.0 684.0 3
344.0 685.0 2
344.0 708.0 3
344.0 712.0 2
344.0 727.0 3
344.0 732.0 3
344.0 739.0 2
344.0 743.0 2
344.0 746.0 3
344.0 748.0 2
344.0 780.0 2
344.0 785.0 2
344.0 802.0 2
344.0 809.0 2
344.0 831.0 2
344.0 842.0 2
344.0 879.0 2
344.0 932.0 2
344.0 944.0 2
344.0 951.0 2
344.0 959.0 3
344.0 977.0 2
345.0 1.0 3
345.0 7.0 3
345.0 12.0 3
345.0 15.0 3
345.0 17.0 3
345.0 22.0 3
345.0 24.0 3
345.0 25.0 3
345.0 28.0 3
345.0 31.0 3
345.0 50.0 4
345.0 55.0 3
345.0 56.0 3
345.0 68.0 2
345.0 70.0 3
345.0 73.0 3
345.0 76.0 3
345.0 77.0 3
345.0 79.0 3
345.0 82.0 3
345.0 85.0 3
345.0 87.0 3
345.0 91.0 3
345.0 96.0 3
345.0 97.0 3
345.0 99.0 3
345.0 100.0 3
345.0 117.0 3
345.0 118.0 3
345.0 125.0 3
345.0 127.0 3
345.0 132.0 3
345.0 137.0 3
345.0 144.0 3
345.0 151.0 3
345.0 156.0 3
345.0 157.0 3
345.0 158.0 2
345.0 159.0 3
345.0 163.0 3
345.0 164.0 3
345.0 168.0 3
345.0 172.0 3
345.0 173.0 3
345.0 174.0 4
345.0 176.0 3
345.0 177.0 3
345.0 181.0 3
345.0 182.0 3
345.0 183.0 3
345.0 187.0 3
345.0 188.0 3
345.0 192.0 3
345.0 195.0 3
345.0 200.0 3
345.0 203.0 3
345.0 204.0 3
345.0 208.0 3
345.0 215.0 3
345.0 222.0 3
345.0 226.0 3
345.0 227.0 3
345.0 233.0 3
345.0 235.0 2
345.0 239.0 3
345.0 240.0 2
345.0 245.0 3
345.0 246.0 3
345.0 252.0 2
345.0 257.0 3
345.0 258.0 3
345.0 268.0 3
345.0 271.0 2
345.0 273.0 3
345.0 276.0 3
345.0 280.0 3
345.0 286.0 3
345.0 288.0 3
345.0 290.0 3
345.0 293.0 3
345.0 294.0 3
345.0 298.0 3
345.0 300.0 3
345.0 317.0 3
345.0 318.0 4
345.0 323.0 2
345.0 324.0 3
345.0 328.0 3
345.0 333.0 3
345.0 356.0 3
345.0 369.0 2
345.0 371.0 3
345.0 385.0 3
345.0 386.0 2
345.0 392.0 3
345.0 403.0 3
345.0 404.0 3
345.0 405.0 3
345.0 410.0 3
345.0 416.0 3
345.0 423.0 3
345.0 432.0 3
345.0 435.0 3
345.0 460.0 2
345.0 462.0 3
345.0 465.0 3
345.0 468.0 3
345.0 470.0 3
345.0 472.0 2
345.0 475.0 3
345.0 501.0 3
345.0 508.0 3
345.0 544.0 3
345.0 550.0 3
345.0 568.0 3
345.0 588.0 3
345.0 595.0 3
345.0 597.0 2
345.0 609.0 3
345.0 655.0 3
345.0 660.0 3
345.0 685.0 3
345.0 686.0 3
345.0 689.0 3
345.0 692.0 3
345.0 699.0 3
345.0 721.0 2
345.0 735.0 3
345.0 742.0 3
345.0 756.0 2
345.0 763.0 2
345.0 806.0 3
345.0 819.0 2
345.0 820.0 2
345.0 827.0 2
345.0 829.0 3
345.0 831.0 2
345.0 841.0 2
345.0 871.0 2
345.0 879.0 3
345.0 928.0 2
345.0 930.0 2
345.0 943.0 3
345.0 959.0 3
345.0 977.0 2
345.0 982.0 1
346.0 1.0 3
346.0 7.0 3
346.0 15.0 3
346.0 25.0 3
346.0 100.0 3
346.0 107.0 3
346.0 111.0 3
346.0 118.0 3
346.0 121.0 3
346.0 126.0 3
346.0 147.0 3
346.0 225.0 3
346.0 240.0 2
346.0 276.0 3
346.0 288.0 3
346.0 294.0 3
346.0 323.0 2
346.0 368.0 2
346.0 370.0 2
346.0 409.0 3
346.0 411.0 2
346.0 412.0 2
346.0 472.0 2
346.0 473.0 3
346.0 476.0 2
346.0 546.0 2
346.0 628.0 3
346.0 742.0 3
346.0 819.0 3
346.0 831.0 2
346.0 834.0 2
346.0 924.0 3
346.0 926.0 2
346.0 928.0 3
346.0 974.0 3
346.0 975.0 3
346.0 988.0 2
347.0 9.0 3
347.0 10.0 3
347.0 118.0 2
347.0 121.0 3
347.0 125.0 3
347.0 126.0 3
347.0 237.0 3
347.0 325.0 2
347.0 370.0 2
347.0 412.0 2
347.0 455.0 3
347.0 458.0 2
347.0 471.0 3
347.0 475.0 3
347.0 596.0 2
347.0 744.0 3
347.0 847.0 3
348.0 1.0 3
348.0 23.0 3
348.0 89.0 3
348.0 98.0 3
348.0 132.0 3
348.0 133.0 3
348.0 136.0 3
348.0 168.0 3
348.0 172.0 3
348.0 176.0 3
348.0 183.0 3
348.0 193.0 3
348.0 195.0 3
348.0 204.0 3
348.0 210.0 3
348.0 214.0 3
348.0 228.0 3
348.0 265.0 3
348.0 271.0 3
348.0 324.0 3
348.0 340.0 3
348.0 435.0 3
348.0 479.0 3
348.0 480.0 3
348.0 483.0 3
348.0 489.0 3
348.0 530.0 3
348.0 589.0 3
348.0 604.0 3
348.0 616.0 3
348.0 654.0 3
348.0 657.0 3
349.0 288.0 3
349.0 289.0 2
349.0 292.0 3
349.0 300.0 3
349.0 301.0 3
349.0 310.0 3
349.0 312.0 3
349.0 313.0 3
349.0 326.0 3
349.0 327.0 3
349.0 332.0 3
349.0 341.0 1
349.0 343.0 2
349.0 359.0 1
349.0 538.0 2
349.0 748.0 2
349.0 750.0 3
349.0 754.0 3
349.0 873.0 1
349.0 879.0 3
349.0 880.0 3
349.0 882.0 2
349.0 888.0 2
349.0 984.0 3
349.0 989.0 2
349.0 990.0 3
350.0 4.0 3
350.0 7.0 3
350.0 12.0 4
350.0 17.0 3
350.0 39.0 3
350.0 55.0 3
350.0 56.0 3
350.0 79.0 3
350.0 86.0 3
350.0 89.0 3
350.0 92.0 3
350.0 96.0 3
350.0 98.0 3
350.0 129.0 3
350.0 144.0 3
350.0 156.0 3
350.0 173.0 3
350.0 182.0 3
350.0 194.0 3
350.0 195.0 4
350.0 216.0 3
350.0 228.0 3
350.0 234.0 3
350.0 302.0 3
350.0 385.0 3
350.0 568.0 3
350.0 657.0 3
350.0 692.0 3
351.0 245.0 2
351.0 260.0 2
351.0 271.0 2
351.0 272.0 3
351.0 300.0 3
351.0 315.0 3
351.0 326.0 3
351.0 327.0 2
351.0 328.0 3
351.0 332.0 2
351.0 333.0 3
351.0 343.0 2
351.0 905.0 2
352.0 7.0 3
352.0 9.0 3
352.0 14.0 3
352.0 19.0 3
352.0 20.0 3
352.0 25.0 3
352.0 32.0 3
352.0 42.0 3
352.0 47.0 3
352.0 50.0 3
352.0 52.0 3
352.0 57.0 4
352.0 58.0 3
352.0 59.0 3
352.0 60.0 3
352.0 61.0 3
352.0 66.0 3
352.0 70.0 3
352.0 79.0 3
352.0 81.0 3
352.0 83.0 3
352.0 86.0 3
352.0 87.0 3
352.0 88.0 3
352.0 93.0 3
352.0 100.0 3
352.0 109.0 3
352.0 116.0 3
352.0 124.0 3
352.0 131.0 3
352.0 133.0 3
352.0 134.0 3
352.0 135.0 3
352.0 136.0 3
352.0 137.0 3
352.0 143.0 3
352.0 149.0 2
352.0 151.0 3
352.0 152.0 3
352.0 153.0 3
352.0 154.0 3
352.0 155.0 2
352.0 162.0 3
352.0 166.0 3
352.0 168.0 3
352.0 169.0 4
352.0 171.0 3
352.0 173.0 3
352.0 174.0 3
352.0 175.0 3
352.0 180.0 3
352.0 186.0 3
352.0 189.0 3
352.0 190.0 3
352.0 191.0 3
352.0 193.0 3
352.0 197.0 3
352.0 199.0 3
352.0 202.0 3
352.0 208.0 3
352.0 209.0 3
352.0 211.0 3
352.0 213.0 3
352.0 216.0 3
352.0 238.0 3
352.0 242.0 3
352.0 246.0 3
352.0 248.0 3
352.0 251.0 3
352.0 255.0 3
352.0 257.0 3
352.0 258.0 3
352.0 268.0 3
352.0 269.0 3
352.0 270.0 3
352.0 272.0 3
352.0 275.0 3
352.0 276.0 3
352.0 281.0 2
352.0 286.0 3
352.0 287.0 3
352.0 297.0 3
352.0 303.0 3
352.0 305.0 3
352.0 306.0 3
352.0 308.0 3
352.0 311.0 3
352.0 313.0 3
352.0 318.0 3
352.0 344.0 3
352.0 381.0 3
352.0 382.0 3
352.0 387.0 3
352.0 414.0 3
352.0 421.0 3
352.0 423.0 3
352.0 428.0 3
352.0 429.0 3
352.0 435.0 3
352.0 462.0 3
352.0 463.0 3
352.0 464.0 4
352.0 473.0 2
352.0 478.0 3
352.0 479.0 3
352.0 480.0 3
352.0 483.0 4
352.0 485.0 3
352.0 487.0 3
352.0 489.0 3
352.0 494.0 3
352.0 496.0 3
352.0 497.0 3
352.0 498.0 3
352.0 507.0 3
352.0 508.0 3
352.0 509.0 3
352.0 511.0 3
352.0 513.0 3
352.0 515.0 3
352.0 516.0 3
352.0 518.0 3
352.0 520.0 3
352.0 529.0 3
352.0 531.0 3
352.0 533.0 3
352.0 558.0 3
352.0 582.0 3
352.0 584.0 2
352.0 603.0 3
352.0 604.0 3
352.0 605.0 2
352.0 606.0 3
352.0 607.0 3
352.0 629.0 3
352.0 631.0 3
352.0 638.0 3
352.0 650.0 3
352.0 651.0 3
352.0 652.0 3
352.0 657.0 3
352.0 659.0 3
352.0 660.0 3
352.0 661.0 3
352.0 692.0 3
352.0 694.0 4
352.0 699.0 3
352.0 702.0 2
352.0 705.0 3
352.0 707.0 3
352.0 709.0 3
352.0 716.0 3
352.0 732.0 3
352.0 733.0 3
352.0 735.0 3
352.0 736.0 3
352.0 737.0 2
352.0 740.0 2
352.0 753.0 3
352.0 792.0 3
352.0 811.0 3
352.0 847.0 3
352.0 855.0 3
352.0 863.0 3
352.0 865.0 4
352.0 882.0 2
352.0 889.0 3
352.0 900.0 3
352.0 904.0 3
352.0 929.0 2
352.0 953.0 3
352.0 956.0 3
352.0 958.0 3
352.0 962.0 2
353.0 242.0 3
353.0 264.0 2
353.0 288.0 3
353.0 300.0 3
353.0 328.0 3
353.0 329.0 3
353.0 360.0 2
353.0 681.0 2
353.0 882.0 3
354.0 272.0 3
354.0 292.0 3
354.0 313.0 3
354.0 316.0 3
354.0 326.0 2
354.0 328.0 3
354.0 333.0 3
354.0 689.0 2
354.0 748.0 2
355.0 1.0 3
355.0 7.0 3
355.0 10.0 3
355.0 24.0 3
355.0 105.0 2
355.0 117.0 3
355.0 118.0 3
355.0 123.0 3
355.0 125.0 3
355.0 126.0 3
355.0 147.0 3
355.0 150.0 3
355.0 151.0 3
355.0 220.0 3
355.0 222.0 3
355.0 245.0 3
355.0 258.0 3
355.0 270.0 3
355.0 273.0 3
355.0 274.0 3
355.0 275.0 3
355.0 280.0 3
355.0 284.0 3
355.0 291.0 3
355.0 322.0 3
355.0 326.0 3
355.0 334.0 2
355.0 405.0 3
355.0 407.0 2
355.0 411.0 2
355.0 455.0 3
355.0 456.0 2
355.0 471.0 3
355.0 472.0 3
355.0 473.0 3
355.0 476.0 2
355.0 546.0 3
355.0 595.0 3
355.0 687.0 2
355.0 713.0 3
355.0 742.0 3
355.0 744.0 3
355.0 760.0 2
355.0 819.0 2
355.0 820.0 2
355.0 831.0 2
355.0 833.0 3
355.0 866.0 3
355.0 932.0 2
355.0 977.0 2
355.0 984.0 3
356.0 8.0 3
356.0 65.0 3
356.0 127.0 3
356.0 132.0 3
356.0 174.0 3
356.0 179.0 3
356.0 213.0 3
356.0 268.0 3
356.0 318.0 3
356.0 324.0 2
356.0 357.0 3
356.0 511.0 3
356.0 582.0 3
356.0 584.0 2
356.0 638.0 3
356.0 639.0 3
356.0 643.0 3
356.0 855.0 3
356.0 896.0 2
357.0 7.0 3
357.0 117.0 3
357.0 118.0 2
357.0 181.0 3
357.0 250.0 3
357.0 268.0 3
357.0 270.0 3
357.0 298.0 3
357.0 313.0 3
357.0 323.0 2
357.0 405.0 3
357.0 472.0 2
357.0 748.0 2
357.0 751.0 3
357.0 831.0 2
358.0 1.0 3
358.0 10.0 3
358.0 13.0 3
358.0 14.0 3
358.0 25.0 3
358.0 28.0 3
358.0 45.0 3
358.0 50.0 3
358.0 64.0 4
358.0 79.0 3
358.0 100.0 3
358.0 116.0 3
358.0 124.0 3
358.0 127.0 3
358.0 134.0 3
358.0 157.0 3
358.0 165.0 3
358.0 166.0 3
358.0 170.0 3
358.0 174.0 3
358.0 181.0 3
358.0 187.0 3
358.0 191.0 3
358.0 194.0 3
358.0 195.0 3
358.0 197.0 3
358.0 205.0 3
358.0 207.0 3
358.0 210.0 3
358.0 222.0 3
358.0 237.0 3
358.0 238.0 3
358.0 242.0 3
358.0 251.0 3
358.0 269.0 3
358.0 271.0 2
358.0 275.0 3
358.0 283.0 3
358.0 284.0 3
358.0 286.0 3
358.0 297.0 3
358.0 302.0 3
358.0 304.0 3
358.0 306.0 3
358.0 308.0 3
358.0 309.0 2
358.0 321.0 3
358.0 326.0 3
358.0 328.0 3
358.0 357.0 3
358.0 423.0 3
358.0 479.0 3
358.0 483.0 4
358.0 496.0 3
358.0 511.0 3
358.0 521.0 3
358.0 523.0 3
358.0 531.0 3
358.0 582.0 3
358.0 588.0 3
358.0 654.0 3
358.0 661.0 3
358.0 735.0 3
358.0 744.0 3
358.0 748.0 2
358.0 845.0 3
358.0 933.0 2
358.0 936.0 4
358.0 963.0 3
359.0 12.0 3
359.0 14.0 3
359.0 23.0 3
359.0 26.0 3
359.0 49.0 3
359.0 53.0 2
359.0 55.0 3
359.0 56.0 3
359.0 59.0 3
359.0 60.0 3
359.0 66.0 3
359.0 70.0 3
359.0 79.0 3
359.0 83.0 3
359.0 88.0 3
359.0 90.0 2
359.0 97.0 3
359.0 98.0 3
359.0 100.0 3
359.0 111.0 3
359.0 129.0 3
359.0 148.0 3
359.0 150.0 3
359.0 156.0 3
359.0 165.0 3
359.0 166.0 3
359.0 168.0 3
359.0 170.0 3
359.0 173.0 3
359.0 176.0 3
359.0 178.0 3
359.0 183.0 3
359.0 185.0 3
359.0 186.0 3
359.0 190.0 3
359.0 197.0 3
359.0 203.0 3
359.0 204.0 3
359.0 207.0 3
359.0 212.0 2
359.0 213.0 3
359.0 218.0 3
359.0 222.0 3
359.0 228.0 3
359.0 234.0 3
359.0 237.0 3
359.0 238.0 3
359.0 258.0 3
359.0 269.0 3
359.0 273.0 3
359.0 274.0 3
359.0 276.0 3
359.0 286.0 3
359.0 333.0 3
359.0 340.0 3
359.0 387.0 3
359.0 421.0 3
359.0 430.0 3
359.0 435.0 3
359.0 451.0 3
359.0 466.0 3
359.0 475.0 3
359.0 498.0 3
359.0 502.0 3
359.0 504.0 3
359.0 514.0 3
359.0 517.0 3
359.0 524.0 3
359.0 525.0 4
359.0 531.0 3
359.0 639.0 3
359.0 652.0 3
359.0 654.0 3
359.0 655.0 3
359.0 657.0 3
359.0 659.0 3
359.0 673.0 3
359.0 684.0 3
359.0 694.0 4
359.0 707.0 3
359.0 709.0 3
359.0 727.0 3
359.0 737.0 2
359.0 739.0 3
359.0 742.0 3
359.0 762.0 3
359.0 770.0 3
359.0 794.0 3
359.0 934.0 3
359.0 949.0 3
360.0 245.0 2
360.0 268.0 3
360.0 302.0 3
360.0 312.0 2
360.0 313.0 3
360.0 323.0 2
360.0 333.0 2
360.0 336.0 2
360.0 689.0 2
361.0 1.0 3
361.0 2.0 2
361.0 4.0 3
361.0 5.0 2
361.0 7.0 3
361.0 9.0 3
361.0 11.0 3
361.0 22.0 3
361.0 29.0 2
361.0 32.0 3
361.0 37.0 2
361.0 38.0 2
361.0 44.0 3
361.0 47.0 3
361.0 50.0 3
361.0 54.0 2
361.0 55.0 3
361.0 56.0 3
361.0 58.0 3
361.0 62.0 2
361.0 65.0 3
361.0 66.0 3
361.0 67.0 2
361.0 68.0 2
361.0 69.0 3
361.0 70.0 2
361.0 71.0 3
361.0 72.0 2
361.0 73.0 2
361.0 79.0 3
361.0 81.0 3
361.0 82.0 3
361.0 87.0 3
361.0 88.0 3
361.0 89.0 3
361.0 90.0 2
361.0 91.0 2
361.0 93.0 3
361.0 95.0 3
361.0 96.0 3
361.0 97.0 3
361.0 98.0 3
361.0 101.0 2
361.0 102.0 2
361.0 114.0 3
361.0 117.0 3
361.0 120.0 2
361.0 121.0 3
361.0 128.0 2
361.0 134.0 3
361.0 137.0 3
361.0 143.0 3
361.0 144.0 3
361.0 145.0 1
361.0 151.0 2
361.0 152.0 2
361.0 154.0 3
361.0 155.0 2
361.0 156.0 3
361.0 159.0 3
361.0 161.0 2
361.0 164.0 3
361.0 169.0 3
361.0 172.0 3
361.0 173.0 3
361.0 174.0 3
361.0 179.0 3
361.0 182.0 3
361.0 183.0 3
361.0 184.0 3
361.0 185.0 3
361.0 186.0 3
361.0 187.0 3
361.0 188.0 3
361.0 189.0 3
361.0 193.0 3
361.0 195.0 3
361.0 196.0 3
361.0 200.0 3
361.0 201.0 2
361.0 204.0 3
361.0 206.0 2
361.0 208.0 3
361.0 210.0 3
361.0 212.0 2
361.0 215.0 3
361.0 216.0 3
361.0 218.0 3
361.0 222.0 3
361.0 226.0 3
361.0 227.0 2
361.0 228.0 3
361.0 229.0 2
361.0 231.0 2
361.0 234.0 3
361.0 235.0 2
361.0 237.0 3
361.0 248.0 3
361.0 250.0 2
361.0 258.0 3
361.0 265.0 3
361.0 270.0 3
361.0 271.0 2
361.0 282.0 3
361.0 283.0 3
361.0 284.0 2
361.0 288.0 2
361.0 290.0 2
361.0 293.0 3
361.0 307.0 2
361.0 315.0 3
361.0 316.0 3
361.0 317.0 3
361.0 322.0 2
361.0 325.0 2
361.0 328.0 2
361.0 336.0 2
361.0 346.0 2
361.0 347.0 2
361.0 350.0 2
361.0 351.0 2
361.0 366.0 3
361.0 370.0 2
361.0 380.0 3
361.0 387.0 2
361.0 391.0 2
361.0 393.0 3
361.0 402.0 3
361.0 403.0 3
361.0 405.0 2
361.0 408.0 3
361.0 417.0 2
361.0 423.0 3
361.0 426.0 3
361.0 428.0 3
361.0 431.0 2
361.0 433.0 3
361.0 435.0 3
361.0 443.0 3
361.0 444.0 2
361.0 448.0 2
361.0 449.0 2
361.0 451.0 3
361.0 461.0 3
361.0 469.0 2
361.0 472.0 2
361.0 473.0 2
361.0 474.0 3
361.0 505.0 3
361.0 506.0 3
361.0 511.0 3
361.0 518.0 3
361.0 523.0 3
361.0 531.0 3
361.0 546.0 2
361.0 550.0 3
361.0 552.0 3
361.0 554.0 2
361.0 555.0 3
361.0 557.0 3
361.0 559.0 2
361.0 561.0 2
361.0 566.0 3
361.0 568.0 3
361.0 569.0 2
361.0 571.0 2
361.0 572.0 2
361.0 575.0 2
361.0 578.0 2
361.0 588.0 3
361.0 590.0 1
361.0 597.0 2
361.0 603.0 3
361.0 616.0 3
361.0 625.0 2
361.0 631.0 2
361.0 640.0 2
361.0 650.0 3
361.0 651.0 3
361.0 653.0 3
361.0 657.0 3
361.0 658.0 3
361.0 660.0 3
361.0 665.0 2
361.0 673.0 3
361.0 675.0 3
361.0 678.0 2
361.0 679.0 3
361.0 682.0 2
361.0 685.0 2
361.0 691.0 3
361.0 698.0 2
361.0 699.0 3
361.0 707.0 2
361.0 709.0 3
361.0 710.0 2
361.0 719.0 2
361.0 735.0 3
361.0 741.0 2
361.0 742.0 3
361.0 746.0 3
361.0 747.0 3
361.0 752.0 2
361.0 760.0 2
361.0 761.0 2
361.0 767.0 1
361.0 774.0 2
361.0 778.0 3
361.0 792.0 2
361.0 802.0 2
361.0 805.0 2
361.0 809.0 2
361.0 816.0 2
361.0 825.0 2
361.0 831.0 2
361.0 849.0 2
361.0 854.0 3
361.0 859.0 2
361.0 895.0 2
361.0 906.0 2
361.0 919.0 3
361.0 933.0 1
361.0 940.0 2
361.0 946.0 2
361.0 959.0 2
361.0 979.0 2
362.0 289.0 2
362.0 302.0 3
362.0 321.0 3
362.0 875.0 3
362.0 948.0 2
362.0 988.0 2
363.0 1.0 3
363.0 7.0 3
363.0 15.0 3
363.0 25.0 3
363.0 100.0 3
363.0 109.0 2
363.0 124.0 3
363.0 125.0 2
363.0 137.0 3
363.0 150.0 3
363.0 222.0 3
363.0 235.0 2
363.0 258.0 3
363.0 268.0 3
363.0 271.0 2
363.0 272.0 3
363.0 275.0 3
363.0 276.0 3
363.0 277.0 2
363.0 287.0 3
363.0 288.0 2
363.0 289.0 2
363.0 294.0 2
363.0 301.0 2
363.0 309.0 1
363.0 315.0 3
363.0 316.0 3
363.0 321.0 2
363.0 340.0 3
363.0 352.0 2
363.0 473.0 2
363.0 591.0 3
363.0 742.0 2
363.0 762.0 2
363.0 813.0 3
363.0 894.0 2
363.0 895.0 2
363.0 908.0 1
364.0 53.0 3
364.0 56.0 4
364.0 98.0 3
364.0 184.0 3
364.0 200.0 3
364.0 201.0 3
364.0 217.0 3
364.0 219.0 3
364.0 234.0 3
364.0 443.0 3
364.0 445.0 3
364.0 559.0 3
364.0 573.0 2
364.0 671.0 3
364.0 672.0 3
364.0 853.0 4
364.0 860.0 2
365.0 7.0 3
365.0 17.0 3
365.0 50.0 3
365.0 53.0 2
365.0 98.0 3
365.0 100.0 3
365.0 145.0 2
365.0 164.0 3
365.0 176.0 3
365.0 183.0 4
365.0 184.0 3
365.0 200.0 3
365.0 201.0 3
365.0 218.0 3
365.0 234.0 3
365.0 250.0 3
365.0 258.0 3
365.0 288.0 3
365.0 302.0 3
365.0 324.0 3
365.0 326.0 3
365.0 333.0 3
365.0 334.0 3
365.0 379.0 3
365.0 406.0 2
365.0 413.0 2
365.0 436.0 3
365.0 443.0 3
365.0 448.0 3
365.0 452.0 3
365.0 551.0 2
365.0 563.0 2
365.0 564.0 2
365.0 665.0 2
365.0 670.0 3
365.0 672.0 2
365.0 760.0 2
365.0 769.0 2
365.0 774.0 2
365.0 800.0 2
365.0 919.0 3
366.0 11.0 3
366.0 17.0 2
366.0 56.0 3
366.0 89.0 3
366.0 96.0 3
366.0 98.0 3
366.0 100.0 3
366.0 127.0 3
366.0 183.0 3
366.0 184.0 2
366.0 201.0 2
366.0 217.0 2
366.0 218.0 3
366.0 219.0 2
366.0 234.0 3
366.0 292.0 2
366.0 313.0 3
366.0 320.0 3
366.0 379.0 2
366.0 396.0 2
366.0 567.0 1
366.0 672.0 2
366.0 774.0 2
366.0 777.0 2
367.0 50.0 3
367.0 114.0 4
367.0 168.0 3
367.0 172.0 3
367.0 181.0 3
367.0 271.0 2
367.0 316.0 3
367.0 358.0 2
367.0 751.0 3
367.0 988.0 2
368.0 12.0 3
368.0 22.0 3
368.0 31.0 3
368.0 50.0 3
368.0 52.0 3
368.0 64.0 3
368.0 98.0 3
368.0 100.0 3
368.0 107.0 3
368.0 114.0 3
368.0 116.0 3
368.0 135.0 3
368.0 136.0 3
368.0 153.0 3
368.0 172.0 3
368.0 174.0 3
368.0 175.0 3
368.0 176.0 3
368.0 181.0 3
368.0 193.0 3
368.0 195.0 3
368.0 199.0 3
368.0 209.0 3
368.0 210.0 3
368.0 238.0 3
368.0 257.0 3
368.0 265.0 3
368.0 269.0 2
368.0 285.0 3
368.0 322.0 2
368.0 423.0 3
368.0 425.0 2
368.0 433.0 3
368.0 435.0 3
368.0 443.0 3
368.0 480.0 3
368.0 484.0 3
368.0 493.0 3
368.0 494.0 3
368.0 497.0 3
368.0 514.0 3
368.0 525.0 3
368.0 603.0 3
368.0 604.0 3
368.0 607.0 2
368.0 608.0 3
368.0 613.0 3
368.0 631.0 2
368.0 657.0 3
368.0 659.0 3
368.0 661.0 3
368.0 678.0 2
368.0 705.0 3
368.0 923.0 3
369.0 1.0 3
369.0 22.0 3
369.0 55.0 3
369.0 64.0 4
369.0 69.0 3
369.0 77.0 3
369.0 79.0 3
369.0 97.0 3
369.0 98.0 3
369.0 174.0 4
369.0 177.0 3
369.0 179.0 3
369.0 180.0 3
369.0 181.0 3
369.0 185.0 3
369.0 186.0 3
369.0 194.0 3
369.0 197.0 3
369.0 210.0 3
369.0 234.0 3
369.0 265.0 3
369.0 357.0 3
369.0 393.0 3
369.0 423.0 3
369.0 435.0 3
369.0 443.0 3
369.0 449.0 3
369.0 452.0 2
369.0 504.0 3
369.0 527.0 3
369.0 655.0 3
369.0 663.0 3
369.0 746.0 3
370.0 5.0 3
370.0 23.0 3
370.0 44.0 3
370.0 56.0 3
370.0 79.0 3
370.0 129.0 3
370.0 159.0 3
370.0 164.0 3
370.0 176.0 3
370.0 183.0 3
370.0 185.0 3
370.0 200.0 3
370.0 201.0 3
370.0 218.0 3
370.0 262.0 3
370.0 286.0 3
370.0 288.0 3
370.0 299.0 3
370.0 325.0 2
370.0 327.0 3
370.0 333.0 3
370.0 436.0 3
370.0 441.0 2
370.0 443.0 3
370.0 447.0 3
370.0 448.0 3
370.0 452.0 3
370.0 547.0 3
370.0 559.0 2
370.0 561.0 2
370.0 574.0 3
370.0 581.0 3
370.0 595.0 3
370.0 628.0 3
370.0 635.0 3
370.0 637.0 3
370.0 672.0 2
370.0 674.0 2
370.0 678.0 2
370.0 696.0 3
370.0 874.0 3
370.0 875.0 3
371.0 2.0 3
371.0 4.0 3
371.0 12.0 3
371.0 15.0 3
371.0 20.0 3
371.0 22.0 3
371.0 24.0 3
371.0 25.0 3
371.0 31.0 3
371.0 48.0 3
371.0 50.0 3
371.0 58.0 3
371.0 64.0 4
371.0 66.0 3
371.0 68.0 3
371.0 70.0 3
371.0 80.0 3
371.0 81.0 3
371.0 82.0 3
371.0 83.0 3
371.0 89.0 3
371.0 90.0 2
371.0 94.0 3
371.0 95.0 3
371.0 96.0 3
371.0 97.0 3
371.0 99.0 3
371.0 100.0 3
371.0 102.0 2
371.0 105.0 2
371.0 110.0 2
371.0 114.0 4
371.0 117.0 3
371.0 127.0 3
371.0 132.0 3
371.0 136.0 3
371.0 139.0 3
371.0 142.0 2
371.0 143.0 3
371.0 144.0 3
371.0 150.0 3
371.0 151.0 3
371.0 154.0 3
371.0 155.0 3
371.0 156.0 3
371.0 161.0 3
371.0 162.0 3
371.0 163.0 3
371.0 165.0 3
371.0 166.0 3
371.0 169.0 4
371.0 172.0 3
371.0 173.0 3
371.0 175.0 3
371.0 177.0 3
371.0 179.0 3
371.0 180.0 3
371.0 181.0 3
371.0 184.0 3
371.0 189.0 3
371.0 194.0 3
371.0 195.0 3
371.0 196.0 3
371.0 197.0 3
371.0 202.0 3
371.0 204.0 3
371.0 206.0 3
371.0 208.0 3
371.0 209.0 3
371.0 210.0 3
371.0 211.0 3
371.0 213.0 3
371.0 214.0 3
371.0 215.0 3
371.0 217.0 3
371.0 225.0 3
371.0 226.0 3
371.0 228.0 3
371.0 230.0 3
371.0 232.0 2
371.0 239.0 3
371.0 241.0 3
371.0 259.0 2
371.0 269.0 3
371.0 275.0 3
371.0 278.0 3
371.0 281.0 3
371.0 286.0 3
371.0 290.0 3
371.0 318.0 3
371.0 357.0 3
371.0 366.0 3
371.0 378.0 3
371.0 380.0 3
371.0 382.0 3
371.0 385.0 3
371.0 386.0 2
371.0 389.0 3
371.0 390.0 4
371.0 392.0 3
371.0 393.0 3
371.0 399.0 3
371.0 401.0 3
371.0 402.0 3
371.0 403.0 3
371.0 404.0 3
371.0 409.0 3
371.0 414.0 3
371.0 417.0 3
371.0 418.0 3
371.0 420.0 3
371.0 421.0 3
371.0 423.0 3
371.0 427.0 3
371.0 431.0 3
371.0 433.0 3
371.0 435.0 3
371.0 451.0 3
371.0 472.0 3
371.0 474.0 3
371.0 480.0 3
371.0 485.0 3
371.0 487.0 3
371.0 488.0 3
371.0 494.0 3
371.0 496.0 3
371.0 497.0 3
371.0 499.0 3
371.0 506.0 3
371.0 510.0 3
371.0 520.0 3
371.0 527.0 3
371.0 550.0 3
371.0 553.0 3
371.0 559.0 2
371.0 566.0 3
371.0 568.0 3
371.0 571.0 2
371.0 577.0 2
371.0 588.0 3
371.0 596.0 3
371.0 598.0 2
371.0 603.0 3
371.0 627.0 3
371.0 633.0 3
371.0 645.0 3
371.0 648.0 3
371.0 649.0 3
371.0 651.0 3
371.0 655.0 3
371.0 658.0 3
371.0 660.0 3
371.0 679.0 3
371.0 694.0 3
371.0 699.0 3
371.0 704.0 2
371.0 705.0 3
371.0 709.0 3
371.0 715.0 3
371.0 724.0 3
371.0 727.0 3
371.0 729.0 3
371.0 732.0 3
371.0 746.0 3
371.0 747.0 3
371.0 748.0 3
371.0 756.0 2
371.0 778.0 3
371.0 828.0 2
371.0 842.0 3
371.0 843.0 3
371.0 849.0 2
371.0 941.0 2
371.0 946.0 3
371.0 949.0 3
372.0 1.0 3
372.0 2.0 3
372.0 5.0 3
372.0 7.0 3
372.0 9.0 3
372.0 11.0 3
372.0 15.0 3
372.0 17.0 3
372.0 23.0 3
372.0 24.0 3
372.0 28.0 3
372.0 29.0 2
372.0 39.0 3
372.0 48.0 3
372.0 50.0 4
372.0 56.0 3
372.0 64.0 4
372.0 66.0 3
372.0 68.0 3
372.0 69.0 3
372.0 70.0 3
372.0 71.0 3
372.0 77.0 3
372.0 89.0 3
372.0 95.0 3
372.0 97.0 3
372.0 98.0 3
372.0 100.0 3
372.0 106.0 3
372.0 111.0 3
372.0 116.0 3
372.0 118.0 3
372.0 120.0 2
372.0 121.0 3
372.0 122.0 2
372.0 123.0 3
372.0 124.0 3
372.0 125.0 3
372.0 126.0 3
372.0 127.0 4
372.0 129.0 3
372.0 135.0 3
372.0 143.0 3
372.0 144.0 3
372.0 147.0 3
372.0 148.0 3
372.0 150.0 3
372.0 151.0 3
372.0 156.0 3
372.0 159.0 3
372.0 161.0 3
372.0 162.0 3
372.0 168.0 3
372.0 172.0 3
372.0 173.0 3
372.0 174.0 4
372.0 176.0 3
372.0 185.0 3
372.0 186.0 3
372.0 192.0 3
372.0 195.0 3
372.0 197.0 3
372.0 200.0 3
372.0 202.0 3
372.0 204.0 3
372.0 210.0 3
372.0 216.0 3
372.0 218.0 3
372.0 222.0 3
372.0 223.0 3
372.0 225.0 3
372.0 226.0 3
372.0 228.0 3
372.0 229.0 3
372.0 230.0 3
372.0 231.0 2
372.0 233.0 3
372.0 234.0 3
372.0 235.0 2
372.0 237.0 3
372.0 240.0 2
372.0 247.0 1
372.0 248.0 3
372.0 252.0 2
372.0 254.0 2
372.0 257.0 3
372.0 265.0 3
372.0 279.0 3
372.0 280.0 3
372.0 282.0 3
372.0 284.0 3
372.0 289.0 2
372.0 291.0 3
372.0 310.0 3
372.0 322.0 3
372.0 323.0 2
372.0 356.0 3
372.0 363.0 2
372.0 369.0 2
372.0 385.0 3
372.0 393.0 3
372.0 403.0 3
372.0 405.0 3
372.0 412.0 2
372.0 423.0 3
372.0 424.0 1
372.0 427.0 3
372.0 449.0 3
372.0 450.0 2
372.0 454.0 2
372.0 458.0 3
372.0 463.0 3
372.0 465.0 3
372.0 466.0 3
372.0 467.0 3
372.0 468.0 3
372.0 475.0 3
372.0 476.0 2
372.0 483.0 4
372.0 521.0 3
372.0 527.0 3
372.0 540.0 2
372.0 544.0 3
372.0 550.0 3
372.0 552.0 3
372.0 554.0 2
372.0 558.0 3
372.0 566.0 3
372.0 568.0 3
372.0 572.0 3
372.0 576.0 2
372.0 581.0 3
372.0 591.0 3
372.0 619.0 3
372.0 620.0 3
372.0 628.0 3
372.0 637.0 3
372.0 642.0 3
372.0 651.0 3
372.0 665.0 2
372.0 685.0 3
372.0 692.0 3
372.0 696.0 3
372.0 717.0 2
372.0 741.0 3
372.0 742.0 3
372.0 743.0 2
372.0 756.0 2
372.0 758.0 1
372.0 761.0 2
372.0 762.0 3
372.0 763.0 2
372.0 770.0 3
372.0 789.0 3
372.0 815.0 2
372.0 819.0 2
372.0 820.0 2
372.0 824.0 2
372.0 832.0 2
372.0 844.0 2
372.0 845.0 3
372.0 846.0 3
372.0 872.0 2
372.0 880.0 3
372.0 924.0 3
372.0 928.0 3
372.0 930.0 2
372.0 931.0 1
372.0 932.0 2
372.0 934.0 3
372.0 948.0 2
372.0 952.0 3
372.0 974.0 2
372.0 975.0 3
372.0 977.0 2
372.0 978.0 2
372.0 979.0 3
372.0 986.0 2
373.0 5.0 3
373.0 39.0 2
373.0 77.0 3
373.0 176.0 3
373.0 183.0 3
373.0 185.0 3
373.0 218.0 3
373.0 233.0 3
373.0 288.0 2
373.0 300.0 3
373.0 443.0 3
373.0 583.0 2
373.0 684.0 3
373.0 761.0 2
374.0 11.0 3
374.0 14.0 3
374.0 98.0 3
374.0 154.0 3
374.0 181.0 3
374.0 197.0 4
374.0 198.0 3
374.0 223.0 3
374.0 237.0 3
374.0 246.0 3
374.0 268.0 3
374.0 274.0 3
374.0 275.0 3
374.0 289.0 2
374.0 301.0 3
374.0 603.0 3
374.0 762.0 2
375.0 56.0 3
375.0 98.0 3
375.0 100.0 3
375.0 164.0 3
375.0 168.0 3
375.0 173.0 3
375.0 194.0 3
375.0 219.0 2
375.0 234.0 3
375.0 258.0 3
375.0 268.0 3
375.0 288.0 3
375.0 313.0 4
375.0 316.0 3
375.0 323.0 2
375.0 354.0 3
375.0 443.0 3
375.0 508.0 3
375.0 895.0 2
376.0 1.0 3
376.0 2.0 2
376.0 4.0 3
376.0 5.0 3
376.0 7.0 3
376.0 8.0 3
376.0 9.0 3
376.0 10.0 3
376.0 11.0 3
376.0 12.0 3
376.0 13.0 3
376.0 14.0 3
376.0 15.0 3
376.0 21.0 2
376.0 22.0 3
376.0 28.0 3
376.0 29.0 2
376.0 31.0 3
376.0 40.0 2
376.0 42.0 3
376.0 43.0 2
376.0 48.0 3
376.0 49.0 3
376.0 50.0 3
376.0 52.0 3
376.0 53.0 2
376.0 54.0 3
376.0 58.0 3
376.0 59.0 3
376.0 62.0 3
376.0 63.0 3
376.0 65.0 3
376.0 66.0 3
376.0 68.0 2
376.0 70.0 3
376.0 73.0 3
376.0 77.0 3
376.0 79.0 3
376.0 86.0 3
376.0 87.0 3
376.0 88.0 3
376.0 89.0 3
376.0 91.0 3
376.0 94.0 3
376.0 95.0 3
376.0 99.0 3
376.0 100.0 4
376.0 106.0 2
376.0 110.0 2
376.0 111.0 3
376.0 117.0 3
376.0 121.0 3
376.0 123.0 3
376.0 125.0 3
376.0 126.0 3
376.0 132.0 3
376.0 133.0 3
376.0 135.0 3
376.0 141.0 3
376.0 143.0 3
376.0 144.0 3
376.0 148.0 2
376.0 151.0 3
376.0 153.0 3
376.0 155.0 2
376.0 157.0 3
376.0 159.0 3
376.0 161.0 3
376.0 162.0 3
376.0 167.0 3
376.0 172.0 3
376.0 173.0 3
376.0 174.0 3
376.0 175.0 3
376.0 176.0 3
376.0 179.0 3
376.0 180.0 3
376.0 181.0 3
376.0 182.0 3
376.0 186.0 3
376.0 191.0 3
376.0 194.0 3
376.0 195.0 3
376.0 196.0 3
376.0 197.0 3
376.0 200.0 3
376.0 202.0 3
376.0 203.0 3
376.0 207.0 3
376.0 210.0 3
376.0 213.0 3
376.0 215.0 3
376.0 217.0 2
376.0 218.0 3
376.0 220.0 2
376.0 222.0 3
376.0 223.0 4
376.0 226.0 3
376.0 227.0 2
376.0 230.0 3
376.0 233.0 3
376.0 234.0 3
376.0 235.0 2
376.0 237.0 3
376.0 239.0 3
376.0 241.0 2
376.0 245.0 2
376.0 248.0 3
376.0 252.0 2
376.0 254.0 2
376.0 255.0 3
376.0 257.0 3
376.0 258.0 3
376.0 269.0 3
376.0 272.0 4
376.0 273.0 3
376.0 274.0 3
376.0 275.0 3
376.0 276.0 3
376.0 277.0 3
376.0 280.0 3
376.0 281.0 2
376.0 282.0 3
376.0 283.0 3
376.0 284.0 2
376.0 285.0 4
376.0 286.0 3
376.0 288.0 3
376.0 289.0 2
376.0 294.0 2
376.0 295.0 3
376.0 298.0 3
376.0 300.0 3
376.0 301.0 3
376.0 302.0 3
376.0 304.0 3
376.0 317.0 3
376.0 318.0 4
376.0 319.0 2
376.0 321.0 2
376.0 326.0 3
376.0 328.0 3
376.0 356.0 3
376.0 365.0 2
376.0 367.0 2
376.0 380.0 3
376.0 381.0 3
376.0 382.0 3
376.0 385.0 3
376.0 386.0 2
376.0 387.0 3
376.0 392.0 2
376.0 393.0 3
376.0 396.0 3
376.0 401.0 2
376.0 403.0 3
376.0 404.0 3
376.0 405.0 3
376.0 409.0 2
376.0 410.0 2
376.0 411.0 2
376.0 417.0 2
376.0 418.0 3
376.0 419.0 3
376.0 420.0 3
376.0 423.0 3
376.0 432.0 3
376.0 435.0 3
376.0 447.0 3
376.0 449.0 2
376.0 450.0 2
376.0 451.0 3
376.0 458.0 3
376.0 465.0 3
376.0 469.0 3
376.0 471.0 3
376.0 476.0 2
376.0 479.0 3
376.0 482.0 3
376.0 485.0 3
376.0 496.0 3
376.0 500.0 3
376.0 501.0 3
376.0 508.0 3
376.0 509.0 3
376.0 517.0 3
376.0 527.0 3
376.0 528.0 3
376.0 542.0 2
376.0 546.0 2
376.0 549.0 3
376.0 554.0 2
376.0 559.0 2
376.0 566.0 3
376.0 568.0 3
376.0 572.0 2
376.0 575.0 2
376.0 576.0 2
376.0 582.0 3
376.0 591.0 3
376.0 596.0 2
376.0 597.0 2
376.0 619.0 3
376.0 620.0 3
376.0 623.0 2
376.0 629.0 3
376.0 631.0 3
376.0 632.0 3
376.0 635.0 2
376.0 636.0 3
376.0 651.0 3
376.0 655.0 3
376.0 663.0 3
376.0 665.0 2
376.0 674.0 2
376.0 686.0 3
376.0 692.0 3
376.0 693.0 3
376.0 694.0 4
376.0 702.0 2
376.0 703.0 3
376.0 707.0 3
376.0 708.0 3
376.0 709.0 3
376.0 715.0 2
376.0 716.0 3
376.0 720.0 2
376.0 722.0 2
376.0 724.0 3
376.0 727.0 3
376.0 729.0 3
376.0 731.0 2
376.0 732.0 3
376.0 734.0 2
376.0 736.0 3
376.0 742.0 3
376.0 744.0 3
376.0 747.0 3
376.0 755.0 3
376.0 756.0 2
376.0 762.0 3
376.0 768.0 2
376.0 778.0 2
376.0 780.0 2
376.0 787.0 2
376.0 792.0 3
376.0 793.0 3
376.0 796.0 2
376.0 806.0 3
376.0 807.0 2
376.0 845.0 3
376.0 866.0 2
376.0 875.0 2
376.0 896.0 3
376.0 918.0 3
376.0 921.0 3
376.0 924.0 2
376.0 926.0 2
376.0 928.0 2
376.0 930.0 2
376.0 939.0 3
376.0 942.0 3
376.0 951.0 2
376.0 959.0 3
376.0 961.0 3
376.0 969.0 3
376.0 972.0 3
376.0 977.0 2
376.0 979.0 3
377.0 1.0 3
377.0 2.0 3
377.0 4.0 3
377.0 8.0 3
377.0 9.0 3
377.0 12.0 3
377.0 23.0 3
377.0 50.0 3
377.0 52.0 3
377.0 54.0 3
377.0 56.0 3
377.0 62.0 3
377.0 63.0 3
377.0 64.0 4
377.0 69.0 3
377.0 79.0 3
377.0 82.0 3
377.0 83.0 3
377.0 88.0 3
377.0 89.0 3
377.0 90.0 3
377.0 93.0 3
377.0 96.0 3
377.0 98.0 3
377.0 100.0 4
377.0 116.0 3
377.0 124.0 3
377.0 131.0 3
377.0 133.0 3
377.0 135.0 3
377.0 141.0 3
377.0 144.0 3
377.0 152.0 3
377.0 153.0 3
377.0 157.0 3
377.0 158.0 3
377.0 161.0 3
377.0 163.0 3
377.0 164.0 3
377.0 168.0 3
377.0 172.0 3
377.0 173.0 3
377.0 176.0 3
377.0 177.0 3
377.0 178.0 4
377.0 179.0 3
377.0 183.0 3
377.0 186.0 3
377.0 188.0 3
377.0 191.0 3
377.0 192.0 3
377.0 193.0 3
377.0 194.0 3
377.0 195.0 3
377.0 196.0 3
377.0 200.0 3
377.0 202.0 3
377.0 203.0 3
377.0 204.0 3
377.0 205.0 3
377.0 208.0 3
377.0 210.0 3
377.0 211.0 3
377.0 216.0 3
377.0 219.0 2
377.0 227.0 3
377.0 230.0 3
377.0 233.0 3
377.0 238.0 3
377.0 239.0 3
377.0 257.0 3
377.0 270.0 3
377.0 271.0 3
377.0 284.0 3
377.0 285.0 3
377.0 294.0 3
377.0 300.0 3
377.0 306.0 3
377.0 310.0 3
377.0 331.0 3
377.0 339.0 3
377.0 357.0 3
377.0 372.0 3
377.0 381.0 3
377.0 383.0 2
377.0 385.0 3
377.0 391.0 3
377.0 393.0 3
377.0 395.0 2
377.0 401.0 3
377.0 402.0 3
377.0 405.0 3
377.0 414.0 3
377.0 417.0 3
377.0 419.0 3
377.0 427.0 3
377.0 428.0 3
377.0 434.0 3
377.0 436.0 3
377.0 443.0 3
377.0 447.0 3
377.0 448.0 3
377.0 451.0 3
377.0 452.0 3
377.0 461.0 3
377.0 480.0 3
377.0 496.0 3
377.0 504.0 3
377.0 511.0 3
377.0 514.0 3
377.0 516.0 3
377.0 517.0 3
377.0 520.0 3
377.0 522.0 3
377.0 523.0 3
377.0 527.0 3
377.0 528.0 3
377.0 529.0 3
377.0 530.0 3
377.0 554.0 3
377.0 559.0 3
377.0 563.0 2
377.0 566.0 3
377.0 568.0 3
377.0 575.0 3
377.0 576.0 3
377.0 603.0 3
377.0 616.0 3
377.0 622.0 3
377.0 636.0 3
377.0 637.0 3
377.0 644.0 3
377.0 649.0 3
377.0 651.0 3
377.0 655.0 3
377.0 659.0 3
377.0 674.0 3
377.0 684.0 3
377.0 686.0 3
377.0 701.0 3
377.0 704.0 2
377.0 705.0 3
377.0 710.0 3
377.0 712.0 3
377.0 729.0 3
377.0 732.0 3
377.0 735.0 3
377.0 736.0 3
377.0 746.0 3
377.0 842.0 3
377.0 855.0 3
378.0 1.0 3
378.0 7.0 3
378.0 12.0 3
378.0 22.0 3
378.0 28.0 3
378.0 31.0 3
378.0 38.0 2
378.0 58.0 3
378.0 59.0 3
378.0 60.0 3
378.0 61.0 3
378.0 62.0 2
378.0 64.0 3
378.0 69.0 3
378.0 71.0 3
378.0 81.0 3
378.0 95.0 3
378.0 98.0 3
378.0 100.0 3
378.0 109.0 2
378.0 114.0 3
378.0 118.0 2
378.0 121.0 2
378.0 132.0 3
378.0 134.0 3
378.0 139.0 2
378.0 152.0 2
378.0 154.0 3
378.0 161.0 3
378.0 163.0 3
378.0 168.0 3
378.0 170.0 3
378.0 172.0 3
378.0 176.0 3
378.0 177.0 3
378.0 180.0 3
378.0 181.0 3
378.0 183.0 3
378.0 185.0 3
378.0 186.0 3
378.0 190.0 3
378.0 194.0 3
378.0 197.0 3
378.0 208.0 3
378.0 213.0 3
378.0 215.0 3
378.0 217.0 2
378.0 222.0 3
378.0 228.0 3
378.0 229.0 2
378.0 238.0 3
378.0 241.0 2
378.0 258.0 3
378.0 265.0 3
378.0 270.0 3
378.0 306.0 3
378.0 313.0 3
378.0 315.0 3
378.0 340.0 3
378.0 356.0 3
378.0 357.0 3
378.0 382.0 3
378.0 414.0 3
378.0 416.0 3
378.0 419.0 3
378.0 423.0 3
378.0 425.0 3
378.0 427.0 3
378.0 428.0 3
378.0 435.0 3
378.0 443.0 3
378.0 449.0 2
378.0 462.0 3
378.0 463.0 3
378.0 465.0 2
378.0 474.0 3
378.0 479.0 3
378.0 483.0 3
378.0 502.0 3
378.0 506.0 3
378.0 512.0 3
378.0 515.0 3
378.0 518.0 3
378.0 521.0 3
378.0 527.0 3
378.0 529.0 3
378.0 530.0 3
378.0 549.0 3
378.0 561.0 2
378.0 566.0 3
378.0 570.0 3
378.0 573.0 2
378.0 582.0 3
378.0 587.0 3
378.0 614.0 3
378.0 629.0 2
378.0 630.0 3
378.0 631.0 2
378.0 651.0 3
378.0 652.0 3
378.0 654.0 3
378.0 663.0 3
378.0 664.0 3
378.0 665.0 2
378.0 670.0 3
378.0 684.0 3
378.0 699.0 3
378.0 708.0 3
378.0 712.0 2
378.0 729.0 3
378.0 732.0 3
378.0 736.0 3
378.0 744.0 3
378.0 750.0 3
378.0 751.0 2
378.0 753.0 3
378.0 770.0 2
378.0 856.0 3
378.0 923.0 3
378.0 956.0 3
378.0 959.0 3
379.0 1.0 3
379.0 13.0 3
379.0 14.0 3
379.0 15.0 3
379.0 16.0 3
379.0 20.0 3
379.0 30.0 3
379.0 50.0 3
379.0 59.0 3
379.0 77.0 3
379.0 79.0 3
379.0 83.0 3
379.0 89.0 3
379.0 94.0 3
379.0 95.0 3
379.0 97.0 3
379.0 99.0 3
379.0 100.0 3
379.0 102.0 2
379.0 121.0 3
379.0 129.0 3
379.0 132.0 3
379.0 133.0 3
379.0 134.0 3
379.0 135.0 3
379.0 139.0 2
379.0 150.0 3
379.0 151.0 3
379.0 175.0 3
379.0 178.0 3
379.0 191.0 3
379.0 212.0 2
379.0 214.0 2
379.0 216.0 3
379.0 217.0 2
379.0 228.0 3
379.0 259.0 2
379.0 276.0 3
379.0 281.0 2
379.0 294.0 3
379.0 303.0 3
379.0 304.0 3
379.0 318.0 3
379.0 344.0 3
379.0 378.0 3
379.0 418.0 3
379.0 443.0 3
379.0 459.0 2
379.0 462.0 3
379.0 473.0 2
379.0 479.0 3
379.0 485.0 3
379.0 487.0 3
379.0 493.0 4
379.0 495.0 3
379.0 498.0 3
379.0 501.0 3
379.0 509.0 3
379.0 517.0 3
379.0 525.0 4
379.0 526.0 3
379.0 529.0 3
379.0 582.0 3
379.0 607.0 3
379.0 631.0 3
379.0 634.0 3
379.0 640.0 2
379.0 647.0 3
379.0 652.0 3
379.0 656.0 3
379.0 657.0 3
379.0 660.0 3
379.0 673.0 3
379.0 682.0 2
379.0 693.0 3
379.0 705.0 3
379.0 724.0 3
379.0 742.0 3
379.0 771.0 2
379.0 778.0 3
379.0 855.0 3
379.0 887.0 3
379.0 898.0 1
379.0 914.0 2
379.0 931.0 2
379.0 934.0 2
379.0 961.0 3
379.0 995.0 3
380.0 7.0 3
380.0 9.0 3
380.0 23.0 3
380.0 50.0 3
380.0 56.0 3
380.0 98.0 3
380.0 100.0 3
380.0 122.0 2
380.0 127.0 3
380.0 134.0 3
380.0 135.0 3
380.0 137.0 3
380.0 150.0 3
380.0 171.0 3
380.0 177.0 3
380.0 180.0 3
380.0 183.0 3
380.0 258.0 3
380.0 276.0 3
380.0 290.0 2
380.0 332.0 2
380.0 475.0 3
380.0 481.0 3
380.0 482.0 3
380.0 507.0 3
380.0 508.0 3
380.0 531.0 3
380.0 717.0 2
381.0 14.0 3
381.0 19.0 3
381.0 58.0 3
381.0 81.0 3
381.0 86.0 3
381.0 89.0 3
381.0 100.0 3
381.0 134.0 3
381.0 135.0 3
381.0 137.0 3
381.0 180.0 3
381.0 193.0 3
381.0 197.0 4
381.0 203.0 3
381.0 205.0 3
381.0 223.0 3
381.0 237.0 3
381.0 238.0 3
381.0 268.0 3
381.0 272.0 3
381.0 285.0 4
381.0 302.0 3
381.0 315.0 3
381.0 319.0 3
381.0 321.0 3
381.0 345.0 3
381.0 357.0 3
381.0 425.0 3
381.0 427.0 3
381.0 435.0 3
381.0 464.0 4
381.0 474.0 3
381.0 475.0 3
381.0 478.0 3
381.0 479.0 3
381.0 480.0 3
381.0 483.0 4
381.0 484.0 3
381.0 496.0 3
381.0 505.0 3
381.0 514.0 3
381.0 531.0 3
381.0 603.0 3
381.0 639.0 3
381.0 641.0 4
381.0 657.0 3
382.0 272.0 3
382.0 289.0 2
382.0 302.0 3
382.0 316.0 3
382.0 327.0 3
382.0 343.0 2
382.0 355.0 3
382.0 751.0 3
382.0 989.0 2
383.0 4.0 3
383.0 8.0 3
383.0 12.0 3
383.0 18.0 2
383.0 24.0 2
383.0 29.0 2
383.0 32.0 3
383.0 37.0 2
383.0 42.0 2
383.0 47.0 3
383.0 48.0 3
383.0 50.0 3
383.0 53.0 3
383.0 56.0 3
383.0 58.0 3
383.0 59.0 3
383.0 61.0 3
383.0 79.0 3
383.0 81.0 3
383.0 82.0 2
383.0 87.0 3
383.0 89.0 3
383.0 93.0 3
383.0 98.0 3
383.0 99.0 3
383.0 111.0 3
383.0 114.0 3
383.0 122.0 2
383.0 127.0 3
383.0 128.0 2
383.0 129.0 3
383.0 131.0 3
383.0 133.0 3
383.0 134.0 3
383.0 135.0 3
383.0 136.0 3
383.0 143.0 2
383.0 144.0 3
383.0 145.0 1
383.0 151.0 3
383.0 152.0 3
383.0 153.0 3
383.0 168.0 3
383.0 169.0 3
383.0 171.0 3
383.0 172.0 3
383.0 173.0 3
383.0 174.0 3
383.0 175.0 3
383.0 177.0 3
383.0 180.0 3
383.0 181.0 3
383.0 183.0 3
383.0 186.0 3
383.0 187.0 3
383.0 189.0 3
383.0 191.0 3
383.0 192.0 3
383.0 194.0 3
383.0 195.0 3
383.0 199.0 3
383.0 200.0 3
383.0 207.0 3
383.0 208.0 3
383.0 209.0 3
383.0 211.0 3
383.0 216.0 3
383.0 217.0 2
383.0 218.0 3
383.0 219.0 2
383.0 221.0 3
383.0 224.0 3
383.0 235.0 2
383.0 236.0 2
383.0 238.0 3
383.0 249.0 2
383.0 250.0 3
383.0 253.0 3
383.0 254.0 2
383.0 256.0 3
383.0 257.0 3
383.0 262.0 3
383.0 273.0 3
383.0 276.0 3
383.0 283.0 3
383.0 285.0 3
383.0 286.0 3
383.0 290.0 2
383.0 293.0 3
383.0 304.0 2
383.0 305.0 3
383.0 318.0 3
383.0 320.0 3
383.0 325.0 2
383.0 337.0 1
383.0 340.0 2
383.0 346.0 3
383.0 347.0 3
383.0 367.0 2
383.0 383.0 1
383.0 385.0 3
383.0 403.0 2
383.0 405.0 2
383.0 408.0 3
383.0 417.0 2
383.0 419.0 2
383.0 423.0 3
383.0 425.0 3
383.0 427.0 3
383.0 428.0 3
383.0 429.0 3
383.0 430.0 3
383.0 433.0 3
383.0 435.0 3
383.0 443.0 3
383.0 447.0 3
383.0 451.0 2
383.0 455.0 2
383.0 458.0 2
383.0 461.0 3
383.0 462.0 3
383.0 473.0 2
383.0 474.0 3
383.0 479.0 3
383.0 480.0 3
383.0 482.0 3
383.0 483.0 3
383.0 485.0 3
383.0 486.0 3
383.0 487.0 3
383.0 489.0 3
383.0 492.0 3
383.0 496.0 3
383.0 498.0 3
383.0 500.0 3
383.0 502.0 3
383.0 503.0 2
383.0 506.0 3
383.0 507.0 3
383.0 508.0 3
383.0 511.0 3
383.0 512.0 3
383.0 520.0 3
383.0 521.0 3
383.0 523.0 3
383.0 524.0 3
383.0 525.0 3
383.0 526.0 3
383.0 529.0 3
383.0 557.0 3
383.0 603.0 3
383.0 604.0 3
383.0 606.0 3
383.0 616.0 3
383.0 631.0 3
383.0 650.0 3
383.0 652.0 3
383.0 653.0 3
383.0 654.0 3
383.0 657.0 3
383.0 658.0 3
383.0 659.0 3
383.0 661.0 3
383.0 663.0 3
383.0 664.0 3
383.0 673.0 3
383.0 674.0 2
383.0 675.0 3
383.0 705.0 3
383.0 719.0 2
383.0 727.0 3
383.0 732.0 2
383.0 739.0 2
383.0 745.0 3
383.0 794.0 2
383.0 851.0 3
383.0 855.0 3
383.0 865.0 3
383.0 871.0 2
383.0 896.0 2
383.0 900.0 3
383.0 919.0 3
383.0 922.0 3
383.0 940.0 2
383.0 942.0 3
383.0 945.0 3
383.0 959.0 3
383.0 961.0 3
383.0 965.0 3
384.0 24.0 3
384.0 50.0 4
384.0 121.0 3
384.0 222.0 3
384.0 273.0 3
384.0 455.0 2
384.0 685.0 3
384.0 825.0 2
384.0 833.0 2
384.0 840.0 2
385.0 2.0 2
385.0 4.0 3
385.0 7.0 3
385.0 8.0 3
385.0 10.0 3
385.0 11.0 3
385.0 13.0 3
385.0 20.0 3
385.0 22.0 3
385.0 23.0 3
385.0 24.0 2
385.0 27.0 2
385.0 31.0 3
385.0 32.0 3
385.0 33.0 3
385.0 39.0 2
385.0 47.0 3
385.0 48.0 3
385.0 50.0 3
385.0 52.0 3
385.0 55.0 3
385.0 56.0 3
385.0 58.0 3
385.0 61.0 3
385.0 62.0 2
385.0 64.0 3
385.0 68.0 2
385.0 71.0 3
385.0 76.0 3
385.0 79.0 3
385.0 81.0 3
385.0 82.0 3
385.0 83.0 3
385.0 89.0 3
385.0 91.0 2
385.0 92.0 3
385.0 93.0 3
385.0 96.0 3
385.0 97.0 3
385.0 98.0 3
385.0 99.0 3
385.0 101.0 2
385.0 102.0 2
385.0 113.0 4
385.0 114.0 3
385.0 116.0 3
385.0 117.0 3
385.0 121.0 3
385.0 123.0 3
385.0 127.0 3
385.0 129.0 3
385.0 133.0 3
385.0 135.0 3
385.0 136.0 3
385.0 144.0 3
385.0 147.0 3
385.0 151.0 3
385.0 152.0 3
385.0 156.0 3
385.0 161.0 3
385.0 168.0 3
385.0 169.0 3
385.0 176.0 3
385.0 180.0 3
385.0 181.0 3
385.0 182.0 3
385.0 183.0 3
385.0 184.0 3
385.0 186.0 3
385.0 187.0 3
385.0 189.0 3
385.0 190.0 3
385.0 192.0 3
385.0 193.0 3
385.0 194.0 3
385.0 195.0 3
385.0 196.0 3
385.0 197.0 3
385.0 198.0 3
385.0 200.0 3
385.0 201.0 2
385.0 202.0 3
385.0 203.0 3
385.0 205.0 3
385.0 206.0 2
385.0 208.0 3
385.0 209.0 3
385.0 210.0 3
385.0 211.0 3
385.0 215.0 3
385.0 217.0 2
385.0 218.0 3
385.0 219.0 2
385.0 222.0 3
385.0 223.0 3
385.0 224.0 3
385.0 226.0 3
385.0 228.0 3
385.0 229.0 2
385.0 230.0 3
385.0 231.0 2
385.0 233.0 2
385.0 238.0 3
385.0 241.0 2
385.0 246.0 3
385.0 248.0 3
385.0 250.0 2
385.0 258.0 3
385.0 265.0 3
385.0 268.0 3
385.0 273.0 3
385.0 277.0 3
385.0 288.0 3
385.0 289.0 2
385.0 293.0 3
385.0 294.0 2
385.0 295.0 3
385.0 298.0 2
385.0 317.0 3
385.0 318.0 3
385.0 319.0 2
385.0 320.0 2
385.0 321.0 3
385.0 325.0 3
385.0 333.0 3
385.0 357.0 3
385.0 380.0 3
385.0 381.0 3
385.0 385.0 3
385.0 393.0 3
385.0 403.0 2
385.0 410.0 2
385.0 414.0 3
385.0 418.0 3
385.0 423.0 3
385.0 428.0 3
385.0 429.0 3
385.0 430.0 3
385.0 431.0 2
385.0 432.0 3
385.0 435.0 3
385.0 436.0 3
385.0 441.0 2
385.0 444.0 2
385.0 446.0 2
385.0 447.0 3
385.0 448.0 2
385.0 455.0 2
385.0 458.0 2
385.0 461.0 3
385.0 463.0 3
385.0 473.0 2
385.0 474.0 3
385.0 475.0 3
385.0 477.0 2
385.0 488.0 3
385.0 496.0 3
385.0 508.0 2
385.0 511.0 3
385.0 514.0 3
385.0 515.0 3
385.0 520.0 3
385.0 526.0 2
385.0 528.0 3
385.0 547.0 2
385.0 549.0 3
385.0 558.0 2
385.0 559.0 2
385.0 561.0 2
385.0 564.0 2
385.0 566.0 3
385.0 569.0 2
385.0 578.0 3
385.0 580.0 3
385.0 582.0 3
385.0 583.0 2
385.0 593.0 3
385.0 603.0 3
385.0 619.0 3
385.0 625.0 2
385.0 642.0 3
385.0 650.0 3
385.0 651.0 3
385.0 659.0 3
385.0 663.0 3
385.0 672.0 2
385.0 674.0 2
385.0 678.0 2
385.0 679.0 3
385.0 684.0 3
385.0 692.0 3
385.0 693.0 3
385.0 697.0 3
385.0 715.0 2
385.0 732.0 3
385.0 735.0 3
385.0 737.0 2
385.0 742.0 3
385.0 744.0 3
385.0 768.0 2
385.0 769.0 2
385.0 772.0 2
385.0 773.0 2
385.0 774.0 2
385.0 789.0 3
385.0 790.0 2
385.0 806.0 3
385.0 844.0 1
385.0 845.0 3
385.0 854.0 2
385.0 856.0 3
385.0 919.0 3
385.0 942.0 3
385.0 943.0 2
385.0 952.0 3
385.0 969.0 3
385.0 972.0 3
385.0 984.0 2
386.0 5.0 3
386.0 56.0 3
386.0 100.0 4
386.0 111.0 3
386.0 117.0 3
386.0 147.0 3
386.0 184.0 3
386.0 237.0 3
386.0 259.0 2
386.0 288.0 3
386.0 298.0 3
386.0 307.0 3
386.0 310.0 3
386.0 315.0 3
386.0 323.0 3
386.0 326.0 3
386.0 333.0 3
386.0 508.0 3
386.0 569.0 3
386.0 591.0 3
386.0 628.0 3
386.0 678.0 2
386.0 680.0 3
386.0 682.0 2
386.0 690.0 3
386.0 742.0 3
386.0 769.0 2
386.0 773.0 3
386.0 816.0 3
386.0 845.0 3
386.0 871.0 3
386.0 895.0 3
387.0 4.0 3
387.0 8.0 3
387.0 23.0 3
387.0 25.0 3
387.0 28.0 3
387.0 29.0 2
387.0 38.0 2
387.0 40.0 3
387.0 42.0 3
387.0 47.0 3
387.0 50.0 3
387.0 53.0 2
387.0 56.0 3
387.0 58.0 3
387.0 59.0 3
387.0 64.0 4
387.0 65.0 3
387.0 66.0 3
387.0 69.0 3
387.0 72.0 3
387.0 77.0 3
387.0 79.0 3
387.0 80.0 2
387.0 82.0 3
387.0 88.0 3
387.0 90.0 2
387.0 94.0 3
387.0 95.0 3
387.0 98.0 3
387.0 99.0 3
387.0 100.0 3
387.0 105.0 2
387.0 109.0 3
387.0 111.0 3
387.0 118.0 3
387.0 127.0 3
387.0 131.0 3
387.0 132.0 3
387.0 136.0 3
387.0 142.0 2
387.0 151.0 3
387.0 152.0 3
387.0 153.0 3
387.0 154.0 3
387.0 159.0 3
387.0 160.0 3
387.0 167.0 3
387.0 168.0 3
387.0 172.0 3
387.0 173.0 3
387.0 174.0 3
387.0 176.0 3
387.0 178.0 3
387.0 179.0 3
387.0 181.0 3
387.0 185.0 3
387.0 186.0 3
387.0 191.0 3
387.0 194.0 3
387.0 197.0 3
387.0 202.0 3
387.0 204.0 3
387.0 205.0 3
387.0 208.0 3
387.0 210.0 3
387.0 211.0 3
387.0 216.0 3
387.0 217.0 2
387.0 234.0 3
387.0 238.0 3
387.0 249.0 3
387.0 275.0 3
387.0 283.0 3
387.0 285.0 4
387.0 300.0 3
387.0 301.0 3
387.0 346.0 3
387.0 378.0 3
387.0 383.0 2
387.0 384.0 2
387.0 393.0 3
387.0 395.0 2
387.0 396.0 3
387.0 401.0 2
387.0 404.0 3
387.0 407.0 2
387.0 410.0 3
387.0 411.0 2
387.0 414.0 3
387.0 416.0 3
387.0 420.0 3
387.0 423.0 3
387.0 428.0 3
387.0 429.0 3
387.0 435.0 3
387.0 451.0 3
387.0 454.0 2
387.0 467.0 3
387.0 471.0 3
387.0 474.0 3
387.0 475.0 3
387.0 477.0 2
387.0 478.0 3
387.0 479.0 3
387.0 480.0 3
387.0 481.0 3
387.0 483.0 4
387.0 484.0 4
387.0 490.0 4
387.0 491.0 3
387.0 492.0 3
387.0 493.0 4
387.0 497.0 3
387.0 498.0 3
387.0 499.0 3
387.0 501.0 3
387.0 502.0 3
387.0 503.0 3
387.0 504.0 3
387.0 506.0 3
387.0 507.0 3
387.0 509.0 3
387.0 510.0 3
387.0 514.0 3
387.0 517.0 3
387.0 518.0 3
387.0 519.0 3
387.0 520.0 3
387.0 525.0 4
387.0 526.0 3
387.0 550.0 3
387.0 558.0 3
387.0 568.0 3
387.0 583.0 3
387.0 584.0 3
387.0 588.0 3
387.0 591.0 3
387.0 602.0 3
387.0 604.0 3
387.0 605.0 2
387.0 607.0 3
387.0 610.0 3
387.0 612.0 3
387.0 613.0 3
387.0 615.0 3
387.0 616.0 3
387.0 630.0 3
387.0 631.0 3
387.0 642.0 3
387.0 649.0 3
387.0 656.0 3
387.0 657.0 3
387.0 661.0 3
387.0 662.0 3
387.0 671.0 3
387.0 674.0 2
387.0 693.0 3
387.0 699.0 3
387.0 700.0 2
387.0 705.0 3
387.0 712.0 3
387.0 715.0 3
387.0 731.0 2
387.0 732.0 3
387.0 736.0 3
387.0 739.0 3
387.0 756.0 2
387.0 763.0 2
387.0 778.0 3
387.0 780.0 2
387.0 785.0 3
387.0 792.0 3
387.0 820.0 2
387.0 824.0 2
387.0 835.0 3
387.0 836.0 3
387.0 845.0 3
387.0 847.0 3
387.0 923.0 3
387.0 926.0 2
387.0 942.0 3
387.0 945.0 3
387.0 954.0 2
387.0 997.0 2
388.0 1.0 3
388.0 9.0 3
388.0 13.0 3
388.0 126.0 3
388.0 258.0 3
388.0 275.0 3
388.0 302.0 3
388.0 304.0 3
388.0 319.0 2
388.0 328.0 3
388.0 329.0 3
388.0 331.0 3
388.0 740.0 2
388.0 742.0 3
388.0 845.0 3
388.0 989.0 1
389.0 9.0 3
389.0 11.0 3
389.0 12.0 4
389.0 15.0 3
389.0 22.0 3
389.0 31.0 3
389.0 47.0 3
389.0 48.0 3
389.0 56.0 3
389.0 58.0 3
389.0 59.0 3
389.0 60.0 3
389.0 64.0 4
389.0 69.0 3
389.0 71.0 3
389.0 76.0 3
389.0 89.0 3
389.0 97.0 3
389.0 100.0 4
389.0 127.0 3
389.0 132.0 3
389.0 134.0 3
389.0 148.0 3
389.0 168.0 3
389.0 173.0 3
389.0 182.0 3
389.0 188.0 3
389.0 191.0 3
389.0 195.0 3
389.0 197.0 3
389.0 200.0 3
389.0 203.0 3
389.0 204.0 3
389.0 205.0 3
389.0 213.0 3
389.0 215.0 3
389.0 222.0 3
389.0 234.0 3
389.0 237.0 3
389.0 238.0 3
389.0 258.0 3
389.0 264.0 2
389.0 276.0 3
389.0 282.0 3
389.0 286.0 3
389.0 288.0 3
389.0 294.0 2
389.0 300.0 3
389.0 318.0 3
389.0 334.0 3
389.0 357.0 3
389.0 421.0 3
389.0 458.0 2
389.0 460.0 2
389.0 471.0 3
389.0 474.0 3
389.0 479.0 3
389.0 480.0 3
389.0 482.0 3
389.0 490.0 4
389.0 491.0 3
389.0 498.0 3
389.0 504.0 3
389.0 507.0 3
389.0 508.0 3
389.0 510.0 3
389.0 511.0 3
389.0 527.0 3
389.0 530.0 3
389.0 544.0 2
389.0 546.0 2
389.0 603.0 3
389.0 604.0 3
389.0 628.0 3
389.0 646.0 3
389.0 659.0 3
389.0 661.0 3
389.0 678.0 2
389.0 748.0 2
389.0 772.0 2
389.0 774.0 2
389.0 963.0 4
390.0 8.0 3
390.0 23.0 3
390.0 58.0 3
390.0 59.0 3
390.0 99.0 3
390.0 114.0 4
390.0 129.0 3
390.0 166.0 3
390.0 169.0 4
390.0 170.0 3
390.0 172.0 3
390.0 173.0 3
390.0 178.0 3
390.0 179.0 3
390.0 180.0 3
390.0 181.0 3
390.0 189.0 3
390.0 191.0 3
390.0 197.0 3
390.0 199.0 3
390.0 200.0 3
390.0 209.0 3
390.0 244.0 3
390.0 248.0 3
390.0 249.0 3
390.0 250.0 3
390.0 255.0 3
390.0 257.0 3
390.0 260.0 2
390.0 268.0 3
390.0 270.0 3
390.0 271.0 2
390.0 272.0 3
390.0 276.0 3
390.0 285.0 3
390.0 288.0 3
390.0 289.0 2
390.0 293.0 3
390.0 294.0 3
390.0 297.0 3
390.0 300.0 3
390.0 302.0 3
390.0 303.0 3
390.0 304.0 3
390.0 310.0 3
390.0 312.0 3
390.0 313.0 3
390.0 319.0 2
390.0 321.0 3
390.0 323.0 2
390.0 324.0 3
390.0 325.0 2
390.0 328.0 3
390.0 333.0 3
390.0 340.0 3
390.0 344.0 3
390.0 345.0 3
390.0 346.0 3
390.0 347.0 3
390.0 463.0 3
390.0 482.0 3
390.0 491.0 3
390.0 492.0 3
390.0 493.0 4
390.0 511.0 3
390.0 515.0 3
390.0 534.0 3
390.0 538.0 2
390.0 615.0 3
390.0 632.0 3
390.0 650.0 3
390.0 663.0 3
390.0 705.0 3
390.0 813.0 3
390.0 847.0 3
390.0 872.0 2
390.0 873.0 1
390.0 880.0 3
391.0 2.0 2
391.0 3.0 2
391.0 4.0 3
391.0 5.0 3
391.0 7.0 3
391.0 11.0 3
391.0 12.0 4
391.0 15.0 3
391.0 17.0 2
391.0 21.0 2
391.0 22.0 3
391.0 24.0 3
391.0 25.0 3
391.0 26.0 3
391.0 27.0 2
391.0 28.0 3
391.0 29.0 2
391.0 31.0 3
391.0 36.0 2
391.0 38.0 2
391.0 40.0 2
391.0 41.0 2
391.0 42.0 3
391.0 48.0 3
391.0 49.0 3
391.0 50.0 4
391.0 51.0 2
391.0 54.0 2
391.0 55.0 3
391.0 56.0 3
391.0 58.0 3
391.0 62.0 3
391.0 64.0 4
391.0 65.0 3
391.0 67.0 2
391.0 68.0 2
391.0 69.0 3
391.0 70.0 3
391.0 71.0 3
391.0 73.0 3
391.0 78.0 2
391.0 79.0 3
391.0 81.0 3
391.0 83.0 3
391.0 84.0 3
391.0 85.0 3
391.0 86.0 3
391.0 87.0 3
391.0 88.0 3
391.0 90.0 2
391.0 94.0 3
391.0 95.0 3
391.0 99.0 3
391.0 100.0 4
391.0 105.0 2
391.0 108.0 3
391.0 109.0 3
391.0 110.0 2
391.0 111.0 3
391.0 117.0 3
391.0 118.0 2
391.0 122.0 2
391.0 123.0 3
391.0 126.0 3
391.0 128.0 2
391.0 132.0 3
391.0 135.0 3
391.0 136.0 3
391.0 138.0 1
391.0 139.0 2
391.0 142.0 2
391.0 144.0 3
391.0 147.0 3
391.0 148.0 2
391.0 153.0 3
391.0 154.0 3
391.0 161.0 3
391.0 168.0 3
391.0 169.0 4
391.0 172.0 3
391.0 173.0 3
391.0 181.0 3
391.0 184.0 2
391.0 186.0 3
391.0 189.0 3
391.0 191.0 3
391.0 194.0 3
391.0 196.0 3
391.0 202.0 3
391.0 203.0 3
391.0 204.0 3
391.0 206.0 3
391.0 215.0 3
391.0 222.0 3
391.0 223.0 4
391.0 227.0 2
391.0 228.0 3
391.0 233.0 3
391.0 237.0 3
391.0 239.0 3
391.0 240.0 2
391.0 241.0 2
391.0 243.0 2
391.0 245.0 2
391.0 252.0 2
391.0 255.0 3
391.0 257.0 3
391.0 258.0 3
391.0 265.0 3
391.0 270.0 3
391.0 271.0 2
391.0 273.0 3
391.0 274.0 3
391.0 275.0 3
391.0 278.0 2
391.0 280.0 2
391.0 281.0 2
391.0 283.0 3
391.0 290.0 2
391.0 291.0 2
391.0 294.0 2
391.0 298.0 3
391.0 303.0 3
391.0 313.0 3
391.0 316.0 4
391.0 317.0 3
391.0 318.0 3
391.0 321.0 2
391.0 323.0 2
391.0 328.0 3
391.0 333.0 3
391.0 338.0 2
391.0 342.0 2
391.0 344.0 3
391.0 347.0 3
391.0 354.0 3
391.0 355.0 3
391.0 356.0 3
391.0 357.0 3
391.0 362.0 2
391.0 363.0 2
391.0 364.0 2
391.0 365.0 2
391.0 366.0 3
391.0 369.0 2
391.0 373.0 2
391.0 374.0 3
391.0 376.0 2
391.0 377.0 1
391.0 378.0 3
391.0 380.0 3
391.0 385.0 3
391.0 386.0 2
391.0 391.0 2
391.0 393.0 3
391.0 394.0 2
391.0 396.0 3
391.0 403.0 3
391.0 404.0 3
391.0 405.0 3
391.0 409.0 2
391.0 410.0 2
391.0 412.0 2
391.0 415.0 2
391.0 417.0 2
391.0 418.0 3
391.0 419.0 3
391.0 420.0 3
391.0 421.0 3
391.0 423.0 3
391.0 431.0 3
391.0 443.0 3
391.0 456.0 2
391.0 465.0 3
391.0 470.0 2
391.0 471.0 3
391.0 472.0 2
391.0 473.0 2
391.0 476.0 2
391.0 477.0 2
391.0 479.0 3
391.0 480.0 3
391.0 496.0 3
391.0 497.0 3
391.0 500.0 3
391.0 501.0 3
391.0 527.0 3
391.0 538.0 2
391.0 539.0 2
391.0 540.0 2
391.0 544.0 2
391.0 546.0 2
391.0 550.0 3
391.0 552.0 3
391.0 553.0 2
391.0 554.0 2
391.0 559.0 2
391.0 561.0 2
391.0 566.0 3
391.0 568.0 3
391.0 569.0 2
391.0 571.0 2
391.0 576.0 2
391.0 578.0 3
391.0 588.0 3
391.0 591.0 3
391.0 596.0 2
391.0 597.0 2
391.0 622.0 3
391.0 623.0 2
391.0 628.0 3
391.0 630.0 3
391.0 633.0 3
391.0 636.0 3
391.0 644.0 3
391.0 651.0 3
391.0 655.0 3
391.0 659.0 3
391.0 672.0 2
391.0 681.0 2
391.0 683.0 2
391.0 685.0 3
391.0 686.0 3
391.0 687.0 2
391.0 690.0 2
391.0 692.0 3
391.0 696.0 3
391.0 705.0 3
391.0 710.0 2
391.0 715.0 2
391.0 717.0 2
391.0 721.0 2
391.0 722.0 2
391.0 725.0 2
391.0 727.0 3
391.0 728.0 2
391.0 731.0 2
391.0 737.0 2
391.0 739.0 3
391.0 742.0 3
391.0 747.0 3
391.0 751.0 3
391.0 755.0 3
391.0 756.0 2
391.0 761.0 2
391.0 763.0 2
391.0 771.0 2
391.0 775.0 2
391.0 778.0 2
391.0 779.0 2
391.0 780.0 2
391.0 781.0 3
391.0 783.0 2
391.0 789.0 3
391.0 792.0 3
391.0 794.0 2
391.0 797.0 2
391.0 802.0 2
391.0 805.0 3
391.0 808.0 2
391.0 810.0 2
391.0 812.0 1
391.0 815.0 2
391.0 821.0 2
391.0 824.0 2
391.0 825.0 2
391.0 826.0 2
391.0 831.0 2
391.0 836.0 3
391.0 840.0 2
391.0 841.0 2
391.0 842.0 2
391.0 843.0 3
391.0 845.0 3
391.0 870.0 2
391.0 871.0 2
391.0 876.0 2
391.0 879.0 3
391.0 890.0 2
391.0 905.0 2
391.0 922.0 3
391.0 929.0 2
391.0 930.0 2
391.0 932.0 2
391.0 939.0 3
391.0 940.0 2
391.0 944.0 2
391.0 949.0 3
391.0 951.0 3
391.0 953.0 3
391.0 964.0 3
391.0 977.0 2
391.0 996.0 2
391.0 997.0 2
391.0 999.0 3
391.0 1000.0 2
392.0 1.0 3
392.0 7.0 3
392.0 28.0 3
392.0 31.0 3
392.0 38.0 3
392.0 39.0 3
392.0 42.0 3
392.0 56.0 3
392.0 63.0 3
392.0 68.0 3
392.0 72.0 3
392.0 73.0 3
392.0 79.0 3
392.0 84.0 3
392.0 88.0 3
392.0 96.0 3
392.0 97.0 3
392.0 98.0 3
392.0 101.0 3
392.0 117.0 3
392.0 121.0 3
392.0 128.0 3
392.0 132.0 3
392.0 144.0 3
392.0 154.0 3
392.0 156.0 3
392.0 158.0 3
392.0 161.0 3
392.0 164.0 3
392.0 172.0 4
392.0 174.0 4
392.0 179.0 3
392.0 181.0 3
392.0 184.0 3
392.0 195.0 3
392.0 208.0 3
392.0 210.0 3
392.0 216.0 3
392.0 217.0 3
392.0 218.0 3
392.0 222.0 3
392.0 226.0 3
392.0 227.0 3
392.0 229.0 3
392.0 230.0 3
392.0 232.0 3
392.0 233.0 3
392.0 238.0 3
392.0 250.0 3
392.0 257.0 3
392.0 265.0 3
392.0 282.0 3
392.0 288.0 3
392.0 313.0 3
392.0 364.0 2
392.0 383.0 2
392.0 385.0 3
392.0 386.0 3
392.0 411.0 3
392.0 416.0 3
392.0 419.0 3
392.0 423.0 3
392.0 433.0 3
392.0 449.0 3
392.0 450.0 2
392.0 455.0 3
392.0 496.0 3
392.0 508.0 3
392.0 540.0 2
392.0 541.0 3
392.0 550.0 3
392.0 552.0 3
392.0 554.0 3
392.0 559.0 3
392.0 561.0 2
392.0 568.0 3
392.0 576.0 3
392.0 578.0 3
392.0 597.0 3
392.0 655.0 3
392.0 658.0 3
392.0 665.0 3
392.0 679.0 3
392.0 746.0 3
392.0 763.0 3
392.0 771.0 2
392.0 773.0 2
392.0 780.0 3
392.0 797.0 3
392.0 802.0 3
392.0 979.0 3
393.0 1.0 3
393.0 50.0 4
393.0 64.0 4
393.0 89.0 3
393.0 97.0 3
393.0 98.0 3
393.0 100.0 3
393.0 121.0 3
393.0 151.0 3
393.0 154.0 3
393.0 174.0 4
393.0 186.0 3
393.0 196.0 3
393.0 210.0 3
393.0 216.0 3
393.0 237.0 3
393.0 252.0 2
393.0 255.0 3
393.0 257.0 3
393.0 273.0 3
393.0 313.0 3
393.0 315.0 3
393.0 328.0 3
393.0 342.0 2
393.0 343.0 2
393.0 423.0 3
393.0 458.0 2
393.0 472.0 2
393.0 632.0 3
393.0 739.0 3
393.0 892.0 2
393.0 924.0 3
394.0 1.0 3
394.0 9.0 3
394.0 25.0 3
394.0 100.0 3
394.0 106.0 2
394.0 117.0 3
394.0 121.0 3
394.0 125.0 3
394.0 222.0 3
394.0 237.0 3
394.0 245.0 2
394.0 260.0 2
394.0 274.0 2
394.0 291.0 2
394.0 300.0 3
394.0 322.0 2
394.0 328.0 3
394.0 329.0 2
394.0 333.0 3
394.0 405.0 3
394.0 455.0 2
394.0 471.0 3
394.0 591.0 3
394.0 619.0 3
394.0 678.0 2
394.0 717.0 2
394.0 751.0 3
394.0 840.0 2
394.0 930.0 2
394.0 977.0 2
394.0 986.0 2
395.0 7.0 3
395.0 8.0 3
395.0 23.0 3
395.0 56.0 3
395.0 95.0 3
395.0 100.0 3
395.0 108.0 3
395.0 109.0 3
395.0 117.0 3
395.0 127.0 4
395.0 134.0 3
395.0 135.0 3
395.0 156.0 3
395.0 171.0 3
395.0 172.0 3
395.0 174.0 4
395.0 177.0 3
395.0 178.0 4
395.0 181.0 3
395.0 183.0 3
395.0 192.0 3
395.0 194.0 3
395.0 197.0 3
395.0 210.0 3
395.0 221.0 3
395.0 223.0 4
395.0 261.0 2
395.0 268.0 3
395.0 286.0 3
395.0 288.0 3
395.0 302.0 3
395.0 313.0 3
395.0 318.0 3
395.0 322.0 2
395.0 324.0 3
395.0 325.0 2
395.0 327.0 3
395.0 334.0 3
395.0 338.0 2
395.0 340.0 3
395.0 345.0 3
395.0 346.0 3
395.0 390.0 4
395.0 423.0 3
395.0 457.0 1
395.0 475.0 3
395.0 479.0 3
395.0 483.0 3
395.0 498.0 3
395.0 513.0 3
395.0 588.0 3
395.0 615.0 3
395.0 641.0 4
395.0 657.0 3
395.0 680.0 3
395.0 705.0 3
395.0 748.0 2
395.0 751.0 3
395.0 853.0 4
395.0 855.0 3
395.0 878.0 1
395.0 894.0 2
395.0 896.0 2
395.0 988.0 2
395.0 989.0 2
395.0 991.0 2
396.0 4.0 3
396.0 12.0 4
396.0 13.0 3
396.0 15.0 3
396.0 25.0 3
396.0 28.0 3
396.0 31.0 3
396.0 47.0 3
396.0 49.0 3
396.0 50.0 4
396.0 56.0 3
396.0 58.0 3
396.0 63.0 2
396.0 64.0 4
396.0 65.0 3
396.0 66.0 3
396.0 69.0 3
396.0 70.0 3
396.0 72.0 2
396.0 73.0 3
396.0 82.0 3
396.0 85.0 3
396.0 88.0 3
396.0 94.0 3
396.0 95.0 3
396.0 117.0 3
396.0 124.0 3
396.0 125.0 3
396.0 126.0 3
396.0 127.0 3
396.0 144.0 3
396.0 152.0 2
396.0 154.0 3
396.0 159.0 3
396.0 162.0 3
396.0 163.0 3
396.0 167.0 2
396.0 168.0 3
396.0 172.0 3
396.0 173.0 3
396.0 174.0 4
396.0 178.0 3
396.0 181.0 3
396.0 182.0 3
396.0 183.0 3
396.0 186.0 3
396.0 191.0 3
396.0 194.0 3
396.0 196.0 3
396.0 197.0 3
396.0 199.0 3
396.0 202.0 3
396.0 203.0 3
396.0 204.0 3
396.0 205.0 3
396.0 211.0 3
396.0 216.0 3
396.0 227.0 2
396.0 228.0 3
396.0 229.0 2
396.0 230.0 3
396.0 234.0 3
396.0 235.0 2
396.0 239.0 3
396.0 274.0 3
396.0 276.0 3
396.0 284.0 2
396.0 357.0 3
396.0 385.0 3
396.0 393.0 3
396.0 399.0 3
396.0 403.0 3
396.0 414.0 3
396.0 417.0 2
396.0 423.0 3
396.0 429.0 3
396.0 430.0 3
396.0 432.0 3
396.0 435.0 3
396.0 474.0 3
396.0 476.0 2
396.0 479.0 3
396.0 480.0 3
396.0 481.0 3
396.0 485.0 3
396.0 491.0 3
396.0 493.0 4
396.0 494.0 3
396.0 495.0 3
396.0 496.0 3
396.0 497.0 3
396.0 498.0 3
396.0 501.0 3
396.0 502.0 3
396.0 504.0 3
396.0 510.0 3
396.0 514.0 3
396.0 519.0 3
396.0 520.0 3
396.0 521.0 3
396.0 525.0 3
396.0 588.0 3
396.0 589.0 3
396.0 591.0 3
396.0 602.0 3
396.0 648.0 3
396.0 654.0 3
396.0 663.0 3
396.0 692.0 3
396.0 700.0 2
396.0 710.0 2
396.0 715.0 2
396.0 732.0 3
396.0 735.0 3
396.0 737.0 2
396.0 756.0 2
396.0 796.0 2
396.0 953.0 3
396.0 969.0 2
396.0 991.0 2
396.0 993.0 3
397.0 2.0 2
397.0 5.0 2
397.0 8.0 3
397.0 9.0 3
397.0 15.0 3
397.0 22.0 3
397.0 26.0 3
397.0 31.0 3
397.0 33.0 3
397.0 38.0 2
397.0 41.0 2
397.0 42.0 3
397.0 48.0 3
397.0 53.0 2
397.0 55.0 3
397.0 56.0 3
397.0 57.0 3
397.0 58.0 3
397.0 62.0 2
397.0 63.0 2
397.0 66.0 3
397.0 67.0 2
397.0 68.0 2
397.0 69.0 3
397.0 71.0 3
397.0 72.0 2
397.0 73.0 3
397.0 77.0 2
397.0 79.0 3
397.0 80.0 2
397.0 84.0 3
397.0 91.0 2
397.0 94.0 2
397.0 95.0 3
397.0 97.0 3
397.0 98.0 3
397.0 99.0 3
397.0 102.0 2
397.0 110.0 2
397.0 114.0 3
397.0 117.0 3
397.0 118.0 2
397.0 121.0 3
397.0 127.0 3
397.0 128.0 2
397.0 132.0 3
397.0 140.0 2
397.0 143.0 3
397.0 144.0 3
397.0 147.0 3
397.0 148.0 2
397.0 153.0 3
397.0 154.0 3
397.0 155.0 2
397.0 156.0 3
397.0 157.0 3
397.0 161.0 2
397.0 164.0 3
397.0 172.0 3
397.0 173.0 3
397.0 174.0 3
397.0 175.0 3
397.0 179.0 3
397.0 180.0 3
397.0 181.0 3
397.0 186.0 3
397.0 187.0 3
397.0 188.0 3
397.0 195.0 3
397.0 196.0 3
397.0 203.0 3
397.0 204.0 3
397.0 210.0 3
397.0 214.0 3
397.0 215.0 3
397.0 219.0 2
397.0 223.0 3
397.0 226.0 3
397.0 227.0 2
397.0 228.0 3
397.0 229.0 2
397.0 230.0 2
397.0 231.0 2
397.0 233.0 2
397.0 234.0 3
397.0 237.0 3
397.0 238.0 3
397.0 239.0 3
397.0 241.0 2
397.0 264.0 2
397.0 265.0 3
397.0 268.0 3
397.0 273.0 3
397.0 274.0 2
397.0 276.0 3
397.0 282.0 3
397.0 284.0 2
397.0 288.0 3
397.0 289.0 2
397.0 291.0 2
397.0 295.0 2
397.0 301.0 2
397.0 307.0 2
397.0 318.0 3
397.0 323.0 2
397.0 332.0 2
397.0 338.0 2
397.0 340.0 2
397.0 364.0 2
397.0 372.0 3
397.0 378.0 3
397.0 382.0 3
397.0 383.0 1
397.0 384.0 2
397.0 385.0 3
397.0 386.0 2
397.0 388.0 2
397.0 389.0 2
397.0 393.0 3
397.0 399.0 2
397.0 400.0 1
397.0 401.0 2
397.0 402.0 3
397.0 403.0 3
397.0 405.0 2
397.0 407.0 2
397.0 412.0 2
397.0 413.0 2
397.0 418.0 3
397.0 420.0 3
397.0 423.0 3
397.0 431.0 3
397.0 432.0 3
397.0 436.0 3
397.0 444.0 2
397.0 450.0 2
397.0 451.0 3
397.0 452.0 2
397.0 454.0 2
397.0 455.0 2
397.0 459.0 2
397.0 470.0 2
397.0 471.0 3
397.0 475.0 3
397.0 486.0 3
397.0 496.0 3
397.0 501.0 3
397.0 506.0 3
397.0 508.0 3
397.0 527.0 3
397.0 531.0 3
397.0 542.0 2
397.0 543.0 2
397.0 544.0 2
397.0 546.0 2
397.0 549.0 3
397.0 550.0 3
397.0 551.0 2
397.0 554.0 2
397.0 559.0 2
397.0 564.0 2
397.0 566.0 3
397.0 568.0 3
397.0 575.0 2
397.0 576.0 2
397.0 578.0 2
397.0 582.0 3
397.0 587.0 2
397.0 588.0 3
397.0 591.0 3
397.0 597.0 2
397.0 616.0 3
397.0 622.0 3
397.0 628.0 3
397.0 633.0 3
397.0 651.0 3
397.0 655.0 3
397.0 673.0 3
397.0 679.0 2
397.0 684.0 3
397.0 693.0 3
397.0 697.0 3
397.0 710.0 2
397.0 720.0 2
397.0 722.0 2
397.0 727.0 3
397.0 732.0 3
397.0 735.0 3
397.0 738.0 2
397.0 742.0 3
397.0 744.0 3
397.0 747.0 3
397.0 754.0 3
397.0 755.0 2
397.0 760.0 2
397.0 763.0 2
397.0 768.0 2
397.0 769.0 2
397.0 772.0 2
397.0 774.0 2
397.0 779.0 2
397.0 781.0 2
397.0 806.0 3
397.0 809.0 2
397.0 813.0 3
397.0 817.0 2
397.0 824.0 2
397.0 825.0 2
397.0 826.0 2
397.0 845.0 3
397.0 924.0 2
397.0 926.0 2
397.0 928.0 2
397.0 941.0 2
397.0 946.0 2
397.0 959.0 3
397.0 969.0 2
397.0 975.0 2
397.0 977.0 2
397.0 986.0 2
398.0 258.0 3
398.0 286.0 3
398.0 288.0 2
398.0 294.0 2
398.0 300.0 3
398.0 304.0 3
398.0 332.0 2
398.0 689.0 2
398.0 690.0 2
399.0 9.0 3
399.0 11.0 3
399.0 13.0 3
399.0 14.0 3
399.0 25.0 3
399.0 26.0 3
399.0 44.0 3
399.0 50.0 3
399.0 64.0 3
399.0 65.0 3
399.0 69.0 3
399.0 70.0 3
399.0 71.0 3
399.0 83.0 3
399.0 97.0 3
399.0 100.0 3
399.0 117.0 3
399.0 127.0 3
399.0 133.0 3
399.0 135.0 3
399.0 143.0 3
399.0 144.0 3
399.0 147.0 3
399.0 151.0 2
399.0 153.0 3
399.0 154.0 3
399.0 157.0 3
399.0 161.0 3
399.0 162.0 3
399.0 172.0 3
399.0 173.0 3
399.0 174.0 3
399.0 181.0 3
399.0 194.0 3
399.0 196.0 3
399.0 197.0 3
399.0 198.0 3
399.0 199.0 3
399.0 202.0 3
399.0 204.0 3
399.0 210.0 3
399.0 225.0 2
399.0 248.0 3
399.0 257.0 3
399.0 272.0 3
399.0 273.0 3
399.0 275.0 3
399.0 276.0 3
399.0 280.0 2
399.0 282.0 3
399.0 294.0 2
399.0 302.0 3
399.0 312.0 2
399.0 315.0 3
399.0 316.0 3
399.0 321.0 3
399.0 322.0 2
399.0 328.0 2
399.0 342.0 2
399.0 356.0 3
399.0 357.0 3
399.0 365.0 2
399.0 371.0 2
399.0 385.0 3
399.0 404.0 3
399.0 430.0 3
399.0 435.0 3
399.0 451.0 3
399.0 462.0 3
399.0 471.0 2
399.0 473.0 2
399.0 477.0 2
399.0 478.0 3
399.0 481.0 3
399.0 483.0 3
399.0 485.0 3
399.0 486.0 3
399.0 493.0 3
399.0 499.0 3
399.0 501.0 3
399.0 507.0 3
399.0 508.0 3
399.0 509.0 3
399.0 511.0 3
399.0 515.0 3
399.0 519.0 3
399.0 520.0 3
399.0 527.0 3
399.0 528.0 3
399.0 535.0 2
399.0 553.0 2
399.0 566.0 3
399.0 582.0 3
399.0 588.0 3
399.0 603.0 3
399.0 604.0 3
399.0 609.0 2
399.0 630.0 2
399.0 632.0 3
399.0 638.0 3
399.0 651.0 3
399.0 654.0 3
399.0 655.0 3
399.0 659.0 3
399.0 661.0 3
399.0 684.0 3
399.0 707.0 3
399.0 724.0 3
399.0 735.0 3
399.0 748.0 2
399.0 762.0 2
399.0 815.0 2
399.0 866.0 2
399.0 892.0 2
400.0 7.0 3
400.0 9.0 3
400.0 10.0 3
400.0 12.0 3
400.0 13.0 3
400.0 16.0 3
400.0 19.0 3
400.0 25.0 3
400.0 42.0 3
400.0 50.0 4
400.0 111.0 3
400.0 116.0 3
400.0 117.0 3
400.0 124.0 3
400.0 126.0 3
400.0 127.0 3
400.0 135.0 3
400.0 151.0 3
400.0 182.0 3
400.0 204.0 3
400.0 235.0 2
400.0 237.0 3
400.0 245.0 3
400.0 255.0 3
400.0 257.0 3
400.0 273.0 3
400.0 276.0 3
400.0 286.0 3
400.0 455.0 3
400.0 471.0 3
400.0 475.0 3
400.0 476.0 2
400.0 479.0 3
400.0 480.0 3
400.0 483.0 4
400.0 511.0 3
400.0 515.0 3
400.0 529.0 3
400.0 628.0 3
400.0 696.0 3
400.0 864.0 2
